 Testing Label Acc: [0.9744898080825806, 0.9392070770263672, 0.8120155334472656, 0.6297029852867126, 0.16700610518455505, 0.006726457271724939, 0.9237995743751526, 0.0, 0.0, 0.9573835730552673]
 Testing Label Acc: [0.9785714149475098, 0.9770925045013428, 0.7257751822471619, 0.8742574453353882, 0.42871689796447754, 0.17825111746788025, 0.905010461807251, 0.0, 0.25770020484924316, 0.9167492389678955]
 Testing Label Acc: [0.9775510430335999, 0.9427312612533569, 0.684108555316925, 0.9049504995346069, 0.6364561915397644, 0.12443946301937103, 0.8997912406921387, 0.06906614452600479, 0.7207392454147339, 0.8513379693031311]
 Testing Label Acc: [0.9867346882820129, 0.9418502449989319, 0.8575581312179565, 0.7584158182144165, 0.11099795997142792, 0.07623318582773209, 0.9039666056632996, 0.0, 0.24024640023708344, 0.908820629119873]
 Testing Label Acc: [0.9673469662666321, 0.9568281769752502, 0.8875969052314758, 0.6554455161094666, 0.3380855321884155, 0.016816142946481705, 0.8663883209228516, 0.0, 0.6211498975753784, 0.904856264591217]
 Testing Label Acc: [0.9806122183799744, 0.8801761865615845, 0.8110465407371521, 0.7831683158874512, 0.2433808594942093, 0.3396860957145691, 0.9217119216918945, 0.0, 0.6416837573051453, 0.9226957559585571]
 Testing Label Acc: [0.9857142567634583, 0.9400880932807922, 0.7722868323326111, 0.8435643315315247, 0.6639510989189148, 0.07399103045463562, 0.855949878692627, 0.0, 0.8275154232978821, 0.7472745180130005]
 Testing Label Acc: [0.9673469662666321, 0.9462555050849915, 0.7877907156944275, 0.8871287107467651, 0.7331975698471069, 0.0, 0.9039666056632996, 0.0, 0.5071868300437927, 0.6808721423149109]
 Testing Label Acc: [0.9785714149475098, 0.9744493365287781, 0.7567829489707947, 0.8227722644805908, 0.18024440109729767, 0.22757847607135773, 0.887265145778656, 0.0, 0.4394250512123108, 0.9365708827972412]
 Testing Label Acc: [0.981632649898529, 0.9594713449478149, 0.8905038833618164, 0.8762376308441162, 0.8452138304710388, 0.03811659291386604, 0.9321503043174744, 0.0, 0.4445585310459137, 0.31020811200141907]
 Testing Label Acc: [0.9622448682785034, 0.9594713449478149, 0.8982558250427246, 0.8316831588745117, 0.8411405086517334, 0.834080696105957, 0.8924843668937683, 0.7324903011322021, 0.7936344742774963, 0.8493558168411255]
 Testing Label Acc: [0.981632649898529, 0.9674009084701538, 0.8992248177528381, 0.8544554710388184, 0.8991853594779968, 0.7197309136390686, 0.9133611917495728, 0.7188715934753418, 0.6960985660552979, 0.7264618277549744]
 Testing Label Acc: [0.9755101799964905, 0.9427312612533569, 0.8885658979415894, 0.8881188035011292, 0.8635438084602356, 0.6132286787033081, 0.9331941604614258, 0.18287937343120575, 0.8593429327011108, 0.7343904972076416]
 Testing Label Acc: [0.9632652997970581, 0.9101321697235107, 0.8633720874786377, 0.7792079448699951, 0.8971486687660217, 0.8957399129867554, 0.9112734794616699, 0.6001945734024048, 0.861396312713623, 0.6769078373908997]
 Testing Label Acc: [0.9479591846466064, 0.9515418410301208, 0.8498061895370483, 0.8712871074676514, 0.9307535886764526, 0.9271300435066223, 0.9018788933753967, 0.46692606806755066, 0.5687885284423828, 0.4152626395225525]
 Testing Label Acc: [0.9551020264625549, 0.9788545966148376, 0.8488371968269348, 0.893069326877594, 0.9226069450378418, 0.6917040348052979, 0.9655532240867615, 0.3939688801765442, 0.5790554285049438, 0.3865213096141815]
 Testing Label Acc: [0.954081654548645, 0.9806167483329773, 0.876937985420227, 0.8386138677597046, 0.800407350063324, 0.8195067048072815, 0.942588746547699, 0.04961089417338371, 0.5328541994094849, 0.8087214827537537]
 Testing Label Acc: [0.936734676361084, 0.9850220084190369, 0.8808139562606812, 0.7544554471969604, 0.932790219783783, 0.939461886882782, 0.8903966546058655, 0.36673152446746826, 0.6529774069786072, 0.22398413717746735]
 Testing Label Acc: [0.9387755393981934, 0.9092510938644409, 0.8759689927101135, 0.8891088962554932, 0.8380855321884155, 0.8284753561019897, 0.9227557182312012, 0.0, 0.7299794554710388, 0.5500495433807373]
 Testing Label Acc: [0.9571428298950195, 0.9647576808929443, 0.8313953280448914, 0.7970296740531921, 0.8615071177482605, 0.8161435127258301, 0.9227557182312012, 0.5749027132987976, 0.8080081939697266, 0.766105055809021]
 Testing Label Acc: [0.9642857313156128, 0.9718061685562134, 0.9011628031730652, 0.8891088962554932, 0.8696537613868713, 0.7242152690887451, 0.9770354628562927, 0.0, 0.8018480539321899, 0.8612487316131592]
 Testing Label Acc: [0.9530612230300903, 0.966519832611084, 0.8711240291595459, 0.8881188035011292, 0.9439918398857117, 0.7926008701324463, 0.9645093679428101, 0.0009727626456879079, 0.8778234124183655, 0.7839444875717163]
 Testing Label Acc: [0.9785714149475098, 0.9735682606697083, 0.8536821603775024, 0.9376237392425537, 0.5621181130409241, 0.6591928005218506, 0.9488517642021179, 0.0, 0.6786447763442993, 0.9365708827972412]
 Testing Label Acc: [0.9775510430335999, 0.9726872444152832, 0.8759689927101135, 0.9039604067802429, 0.9348269104957581, 0.7387892603874207, 0.9258872866630554, 0.6264591217041016, 0.8963038921356201, 0.8394449949264526]
 Testing Label Acc: [0.9744898080825806, 0.9770925045013428, 0.8808139562606812, 0.8900989890098572, 0.844195544719696, 0.7006726264953613, 0.9540709853172302, 0.16342411935329437, 0.8593429327011108, 0.9365708827972412]
 Testing Label Acc: [0.968367338180542, 0.9136564135551453, 0.9389534592628479, 0.9306930899620056, 0.49389001727104187, 0.6390134692192078, 0.8893527984619141, 0.0, 0.8993839621543884, 0.9217046499252319]
 Testing Label Acc: [0.9765306115150452, 0.9629955887794495, 0.8885658979415894, 0.8891088962554932, 0.9521384835243225, 0.7813901305198669, 0.9269310832023621, 0.8103112578392029, 0.8757700324058533, 0.7542120814323425]
 Testing Label Acc: [0.9755101799964905, 0.9101321697235107, 0.8972868323326111, 0.9386138319969177, 0.867617130279541, 0.4360986649990082, 0.9133611917495728, 0.0, 0.8716632723808289, 0.935579776763916]
 Testing Label Acc: [0.9602040648460388, 0.9911894202232361, 0.8711240291595459, 0.8524752259254456, 0.8299388885498047, 0.5156950950622559, 0.9498956203460693, 0.17412450909614563, 0.8254619836807251, 0.9098116755485535]
 Testing Label Acc: [0.9795918464660645, 0.9806167483329773, 0.9331395626068115, 0.8752475380897522, 0.8900203704833984, 0.6591928005218506, 0.9384133815765381, 0.0, 0.7618069648742676, 0.8295341730117798]
 Testing Label Acc: [0.9642857313156128, 0.9682819247245789, 0.9021317958831787, 0.9178217649459839, 0.8930753469467163, 0.8733183741569519, 0.9540709853172302, 0.7110894918441772, 0.8911704421043396, 0.8731417059898376]
 Testing Label Acc: [0.968367338180542, 0.9911894202232361, 0.9089147448539734, 0.9138613939285278, 0.909368634223938, 0.8632286787033081, 0.9342380166053772, 0.15856030583381653, 0.8285421133041382, 0.9197224974632263]
 Testing Label Acc: [0.9204081892967224, 0.9885462522506714, 0.9166666865348816, 0.8465346693992615, 0.9684317708015442, 0.871076226234436, 0.9175365567207336, 0.6916342377662659, 0.9209445714950562, 0.7215064167976379]
 Testing Label Acc: [0.9734693765640259, 0.983259916305542, 0.8536821603775024, 0.908910870552063, 0.8533604741096497, 0.8867713212966919, 0.9665970802307129, 0.0, 0.7967146039009094, 0.904856264591217]
 Testing Label Acc: [0.9489796161651611, 0.9885462522506714, 0.8982558250427246, 0.8772277235984802, 0.9114053249359131, 0.9304932951927185, 0.9457202553749084, 0.16634240746498108, 0.9014373421669006, 0.8612487316131592]
 Testing Label Acc: [0.9775510430335999, 0.9850220084190369, 0.8643410801887512, 0.8564356565475464, 0.9531568288803101, 0.8699551820755005, 0.9530271291732788, 0.6780155897140503, 0.8100615739822388, 0.6858275532722473]
 Testing Label Acc: [0.981632649898529, 0.9885462522506714, 0.8875969052314758, 0.8712871074676514, 0.8329938650131226, 0.7645739912986755, 0.9561586380004883, 0.0, 0.8049281239509583, 0.935579776763916]
 Testing Label Acc: [0.972449004650116, 0.983259916305542, 0.895348846912384, 0.905940592288971, 0.9124236106872559, 0.855381190776825, 0.9384133815765381, 0.8346303701400757, 0.8767967224121094, 0.8771060705184937]
 Testing Label Acc: [0.9346938729286194, 0.9444934129714966, 0.8963178396224976, 0.9128713011741638, 0.8645620942115784, 0.9304932951927185, 0.9102296233177185, 0.39883267879486084, 0.7997946739196777, 0.8156590461730957]
 Testing Label Acc: [0.9561224579811096, 0.9859030842781067, 0.8507751822471619, 0.8722772002220154, 0.8095722794532776, 0.9170403480529785, 0.962421715259552, 0.5690661668777466, 0.9096509218215942, 0.9177403450012207]
 Testing Label Acc: [0.9826530814170837, 0.9850220084190369, 0.9079457521438599, 0.8801980018615723, 0.8940936923027039, 0.8856502175331116, 0.9592902064323425, 0.3842412531375885, 0.8809034824371338, 0.904856264591217]
 Testing Label Acc: [0.9775510430335999, 0.9920704960823059, 0.8701550364494324, 0.9128713011741638, 0.8869653940200806, 0.7769058346748352, 0.9676409363746643, 0.0, 0.8603696227073669, 0.8761149644851685]
 Testing Label Acc: [0.9846938848495483, 0.9841409921646118, 0.8982558250427246, 0.906930685043335, 0.8034623265266418, 0.8531390428543091, 0.962421715259552, 0.200389102101326, 0.8572895526885986, 0.9474727511405945]
 Testing Label Acc: [0.972449004650116, 0.9894273281097412, 0.9060077667236328, 0.8990098834037781, 0.9419552087783813, 0.8396860957145691, 0.9331941604614258, 0.6322957277297974, 0.9117043018341064, 0.8662041425704956]
 Testing Label Acc: [0.9928571581840515, 0.9876651763916016, 0.9040697813034058, 0.9386138319969177, 0.8156822919845581, 0.7668161392211914, 0.9436325430870056, 0.06225680932402611, 0.8932238221168518, 0.9276511669158936]
 Testing Label Acc: [0.9744898080825806, 0.9850220084190369, 0.9244186282157898, 0.9227722883224487, 0.9124236106872559, 0.855381190776825, 0.9519832730293274, 0.6381322741508484, 0.8716632723808289, 0.9117938280105591]
 Testing Label Acc: [0.9448979496955872, 0.9841409921646118, 0.8846899271011353, 0.89702969789505, 0.9663951396942139, 0.9439461827278137, 0.907098114490509, 0.7597275972366333, 0.9045174717903137, 0.7096135020256042]
 Testing Label Acc: [0.9642857313156128, 0.9823788404464722, 0.895348846912384, 0.9188118577003479, 0.9531568288803101, 0.8878923654556274, 0.9655532240867615, 0.0, 0.8819301724433899, 0.8761149644851685]
 Testing Label Acc: [0.9826530814170837, 0.9894273281097412, 0.913759708404541, 0.8693069219589233, 0.8340122103691101, 0.6771300435066223, 0.9457202553749084, 0.100194551050663, 0.8737166523933411, 0.9474727511405945]
 Testing Label Acc: [0.9734693765640259, 0.9894273281097412, 0.9166666865348816, 0.9039604067802429, 0.9531568288803101, 0.8542600870132446, 0.9519832730293274, 0.5068093538284302, 0.8963038921356201, 0.8790882229804993]
 Testing Label Acc: [0.9765306115150452, 0.9559471607208252, 0.8905038833618164, 0.9128713011741638, 0.867617130279541, 0.871076226234436, 0.9488517642021179, 0.03307392820715904, 0.9312114715576172, 0.9534192085266113]
 Testing Label Acc: [0.9479591846466064, 0.983259916305542, 0.9496123790740967, 0.9287128448486328, 0.7556008100509644, 0.9360986351966858, 0.8893527984619141, 0.6254863739013672, 0.8809034824371338, 0.9464816451072693]
 Testing Label Acc: [0.9765306115150452, 0.9920704960823059, 0.9234496355056763, 0.9247524738311768, 0.9246435761451721, 0.9147982001304626, 0.9478079080581665, 0.844357967376709, 0.8921971321105957, 0.908820629119873]
 Testing Label Acc: [0.9836734533309937, 0.9841409921646118, 0.9253876209259033, 0.9237623810768127, 0.8951120376586914, 0.9271300435066223, 0.9582463502883911, 0.5496109127998352, 0.8357289433479309, 0.9236868023872375]
 Testing Label Acc: [0.949999988079071, 0.9841409921646118, 0.8982558250427246, 0.8990098834037781, 0.9317718744277954, 0.9114349484443665, 0.9634655714035034, 0.6361867785453796, 0.9209445714950562, 0.9038652181625366]
 Testing Label Acc: [0.968367338180542, 0.992951512336731, 0.9205426573753357, 0.89702969789505, 0.8920570015907288, 0.8766816258430481, 0.9645093679428101, 0.26070037484169006, 0.9086242318153381, 0.9167492389678955]
 Testing Label Acc: [0.9857142567634583, 0.9814978241920471, 0.913759708404541, 0.9306930899620056, 0.8360489010810852, 0.841928243637085, 0.9551148414611816, 0.274319052696228, 0.9127309918403625, 0.9385530352592468]
 Testing Label Acc: [0.9867346882820129, 0.9841409921646118, 0.9050387740135193, 0.8891088962554932, 0.8615071177482605, 0.8856502175331116, 0.9530271291732788, 0.7101167440414429, 0.9045174717903137, 0.9365708827972412]
 Testing Label Acc: [0.6775510311126709, 0.8960352540016174, 0.8459302186965942, 0.9108911156654358, 0.7566191554069519, 0.9562780261039734, 0.8841336369514465, 0.0, 0.6242299675941467, 0.5252725481987]
 Testing Label Acc: [0.9714285731315613, 0.9903083443641663, 0.8449612259864807, 0.8742574453353882, 0.860488772392273, 0.9069506525993347, 0.9592902064323425, 0.0, 0.953798770904541, 0.9276511669158936]
 Testing Label Acc: [0.9755101799964905, 0.9911894202232361, 0.9389534592628479, 0.8683168292045593, 0.9256619215011597, 0.9372197389602661, 0.9592902064323425, 0.18190661072731018, 0.8932238221168518, 0.8225966095924377]
 Testing Label Acc: [0.9908163547515869, 0.9867841601371765, 0.9050387740135193, 0.9198019504547119, 0.9450101852416992, 0.9058296084403992, 0.9488517642021179, 0.6099221706390381, 0.918891191482544, 0.9028741121292114]
 Testing Label Acc: [0.9765306115150452, 0.9859030842781067, 0.9263566136360168, 0.9138613939285278, 0.932790219783783, 0.8901345133781433, 0.9603340029716492, 0.3122568130493164, 0.9137576818466187, 0.9147670865058899]
 Testing Label Acc: [0.981632649898529, 0.9885462522506714, 0.8856589198112488, 0.9128713011741638, 0.9307535886764526, 0.9271300435066223, 0.942588746547699, 0.4630350172519684, 0.9250513315200806, 0.9078295230865479]
 Testing Label Acc: [0.9857142567634583, 0.9903083443641663, 0.9234496355056763, 0.907920777797699, 0.9012219905853271, 0.939461886882782, 0.9384133815765381, 0.6546692848205566, 0.8942505121231079, 0.9276511669158936]
 Testing Label Acc: [0.9846938848495483, 0.9894273281097412, 0.9253876209259033, 0.9376237392425537, 0.9531568288803101, 0.9304932951927185, 0.9488517642021179, 0.4717898964881897, 0.8655030727386475, 0.9137760400772095]
 Testing Label Acc: [0.9755101799964905, 0.9911894202232361, 0.9253876209259033, 0.9376237392425537, 0.9450101852416992, 0.931614339351654, 0.9498956203460693, 0.42704281210899353, 0.9158110618591309, 0.8909811973571777]
 Testing Label Acc: [0.9734693765640259, 0.992951512336731, 0.9060077667236328, 0.9277227520942688, 0.9439918398857117, 0.8968609571456909, 0.9561586380004883, 0.6750972867012024, 0.9004106521606445, 0.8999009132385254]
 Testing Label Acc: [0.981632649898529, 0.9964757561683655, 0.8827519416809082, 0.7633663415908813, 0.9236252307891846, 0.27802690863609314, 0.8977035284042358, 0.3599221706390381, 0.8942505121231079, 0.9147670865058899]
 Testing Label Acc: [0.9908163547515869, 0.9744493365287781, 0.9651162624359131, 0.8861386179924011, 0.9307535886764526, 0.8015695214271545, 0.9509394764900208, 0.533073902130127, 0.7638603448867798, 0.8434092998504639]
 Testing Label Acc: [0.981632649898529, 0.9735682606697083, 0.9156976938247681, 0.9465346336364746, 0.8564154505729675, 0.6995515823364258, 0.9394571781158447, 0.0, 0.9199178814888, 0.9653121829032898]
 Testing Label Acc: [0.9826530814170837, 0.9867841601371765, 0.9186046719551086, 0.9188118577003479, 0.9134419560432434, 0.9327354431152344, 0.9551148414611816, 0.8647859692573547, 0.9281314015388489, 0.9326065182685852]
 Testing Label Acc: [0.9734693765640259, 0.9814978241920471, 0.9176356792449951, 0.9366336464881897, 0.9073320031166077, 0.9282511472702026, 0.9572024941444397, 0.7976653575897217, 0.9322382211685181, 0.9345887303352356]
 Testing Label Acc: [0.9765306115150452, 0.9841409921646118, 0.9350775480270386, 0.9485148787498474, 0.8839103579521179, 0.871076226234436, 0.9645093679428101, 0.15856030583381653, 0.9024640917778015, 0.9375619292259216]
 Testing Label Acc: [0.9612244963645935, 0.9823788404464722, 0.9050387740135193, 0.9287128448486328, 0.8788187503814697, 0.8766816258430481, 0.9707724452018738, 0.029182879254221916, 0.929158091545105, 0.9494549036026001]
 Testing Label Acc: [0.9836734533309937, 0.9867841601371765, 0.9147287011146545, 0.8782178163528442, 0.9307535886764526, 0.931614339351654, 0.944676399230957, 0.6420233249664307, 0.9517453908920288, 0.9226957559585571]
 Testing Label Acc: [0.9795918464660645, 0.9867841601371765, 0.934108555316925, 0.9396039843559265, 0.8686354160308838, 0.8867713212966919, 0.9603340029716492, 0.3589494228363037, 0.8891170620918274, 0.9514370560646057]
 Testing Label Acc: [0.9693877696990967, 0.9859030842781067, 0.9253876209259033, 0.9326732754707336, 0.8869653940200806, 0.9136771559715271, 0.9645093679428101, 0.22665369510650635, 0.9240246415138245, 0.9395440816879272]
 Testing Label Acc: [0.5040816068649292, 0.774449348449707, 0.817829430103302, 0.7940593957901001, 0.7545824646949768, 0.9955157041549683, 0.8705636858940125, 0.0, 0.35318276286125183, 0.47274529933929443]
 Testing Label Acc: [0.972449004650116, 0.9885462522506714, 0.8905038833618164, 0.8841584324836731, 0.8635438084602356, 0.939461886882782, 0.9509394764900208, 0.10797665268182755, 0.9568788409233093, 0.9435084462165833]
 Testing Label Acc: [0.9744898080825806, 0.9938325881958008, 0.9263566136360168, 0.8821782469749451, 0.9012219905853271, 0.931614339351654, 0.962421715259552, 0.5632295608520508, 0.8798767924308777, 0.8691774010658264]
 Testing Label Acc: [0.9826530814170837, 0.983259916305542, 0.9147287011146545, 0.9445544481277466, 0.8920570015907288, 0.8923766613006592, 0.9561586380004883, 0.0, 0.9229979515075684, 0.9563924670219421]
 Testing Label Acc: [0.9704081416130066, 0.9903083443641663, 0.9370155334472656, 0.9386138319969177, 0.9266802668571472, 0.9237667918205261, 0.962421715259552, 0.11673151701688766, 0.907597541809082, 0.9177403450012207]
 Testing Label Acc: [0.9846938848495483, 0.9876651763916016, 0.9244186282157898, 0.9168316721916199, 0.9287168979644775, 0.9360986351966858, 0.9519832730293274, 0.7188715934753418, 0.9312114715576172, 0.9306243658065796]
 Testing Label Acc: [0.9897959232330322, 0.9859030842781067, 0.9176356792449951, 0.8811880946159363, 0.9439918398857117, 0.9641255736351013, 0.9112734794616699, 0.01361867692321539, 0.9271047115325928, 0.8870168328285217]
 Testing Label Acc: [0.981632649898529, 0.9911894202232361, 0.9312015771865845, 0.9247524738311768, 0.9480651617050171, 0.9349775910377502, 0.9498956203460693, 0.8424124717712402, 0.9055441617965698, 0.9296333193778992]
 Testing Label Acc: [0.9755101799964905, 0.9894273281097412, 0.911821722984314, 0.9386138319969177, 0.9063136577606201, 0.9204035997390747, 0.9645093679428101, 0.862840473651886, 0.9199178814888, 0.9296333193778992]
 Testing Label Acc: [0.9775510430335999, 0.9876651763916016, 0.8779069781303406, 0.8801980018615723, 0.9297352433204651, 0.9058296084403992, 0.9665970802307129, 0.002918287878856063, 0.8993839621543884, 0.908820629119873]
 Testing Label Acc: [0.9846938848495483, 1.0, 0.6695736646652222, 0.5772277116775513, 0.9246435761451721, 0.0022421525791287422, 0.8580375909805298, 0.0, 0.7926077842712402, 0.7532210350036621]
 Testing Label Acc: [0.9826530814170837, 0.9903083443641663, 0.940891444683075, 0.9217821955680847, 0.9348269104957581, 0.9405829310417175, 0.962421715259552, 0.7947470545768738, 0.907597541809082, 0.9187313914299011]
 Testing Label Acc: [0.9877551198005676, 0.9488986730575562, 0.9147287011146545, 0.9683168530464172, 0.8431771993637085, 0.8822869658470154, 0.9373695254325867, 0.0, 0.9404517412185669, 0.9603567719459534]
 Testing Label Acc: [0.9755101799964905, 0.9903083443641663, 0.9680232405662537, 0.8980197906494141, 0.9114053249359131, 0.9428251385688782, 0.9540709853172302, 0.7626459002494812, 0.9065708518028259, 0.9335976243019104]
 Testing Label Acc: [0.9785714149475098, 0.9753304123878479, 0.9370155334472656, 0.9237623810768127, 0.9246435761451721, 0.9226457476615906, 0.9582463502883911, 0.7237353920936584, 0.9404517412185669, 0.9464816451072693]
 Testing Label Acc: [0.9795918464660645, 0.9876651763916016, 0.934108555316925, 0.9425742626190186, 0.9205702543258667, 0.9293721914291382, 0.9613778591156006, 0.8560311198234558, 0.918891191482544, 0.9375619292259216]
 Testing Label Acc: [0.9581632614135742, 0.9753304123878479, 0.9195736646652222, 0.9297029972076416, 0.8920570015907288, 0.6973094344139099, 0.982254683971405, 0.002918287878856063, 0.9178645014762878, 0.9603567719459534]
 Testing Label Acc: [0.9795918464660645, 0.9894273281097412, 0.9282945990562439, 0.909900963306427, 0.9409368634223938, 0.9372197389602661, 0.9592902064323425, 0.8326848149299622, 0.9322382211685181, 0.9335976243019104]
 Testing Label Acc: [0.9857142567634583, 0.9841409921646118, 0.9176356792449951, 0.9495049715042114, 0.9348269104957581, 0.9338564872741699, 0.9530271291732788, 0.2811284065246582, 0.9353182911872864, 0.9345887303352356]
 Testing Label Acc: [0.9877551198005676, 0.9726872444152832, 0.9525193572044373, 0.9554455280303955, 0.8360489010810852, 0.8408071994781494, 0.9488517642021179, 0.22859922051429749, 0.9394250512123108, 0.9544103145599365]
 Testing Label Acc: [0.4989795982837677, 0.14008811116218567, 0.8401162624359131, 0.7386138439178467, 0.3818737268447876, 1.0, 0.6899791359901428, 0.0, 0.09137576818466187, 0.5084241628646851]
 Testing Label Acc: [0.9806122183799744, 0.9894273281097412, 0.9389534592628479, 0.9455445408821106, 0.9236252307891846, 0.9405829310417175, 0.9592902064323425, 0.4931906759738922, 0.9383983612060547, 0.9415262341499329]
 Testing Label Acc: [0.9673469662666321, 0.9947136640548706, 0.9350775480270386, 0.8465346693992615, 0.9032586812973022, 0.9282511472702026, 0.9749478101730347, 0.5311284065246582, 0.8634496927261353, 0.8889989852905273]
 Testing Label Acc: [0.9795918464660645, 0.9867841601371765, 0.8982558250427246, 0.9415841698646545, 0.9338085651397705, 0.9002242088317871, 0.9665970802307129, 0.3317120671272278, 0.9445585012435913, 0.9326065182685852]
 Testing Label Acc: [0.9795918464660645, 0.9938325881958008, 0.9379844665527344, 0.9138613939285278, 0.9480651617050171, 0.9551569223403931, 0.9551148414611816, 0.18385213613510132, 0.9147843718528748, 0.9197224974632263]
 Testing Label Acc: [0.9795918464660645, 0.9850220084190369, 0.9147287011146545, 0.9465346336364746, 0.9338085651397705, 0.9304932951927185, 0.9676409363746643, 0.6974708437919617, 0.9353182911872864, 0.9306243658065796]
 Testing Label Acc: [0.9908163547515869, 0.9903083443641663, 0.8779069781303406, 0.8118811845779419, 0.914460301399231, 0.9932735562324524, 0.8590814471244812, 0.0, 0.9034907817840576, 0.7948463559150696]
 Testing Label Acc: [0.9765306115150452, 0.9876651763916016, 0.9331395626068115, 0.9554455280303955, 0.9236252307891846, 0.8968609571456909, 0.9582463502883911, 0.8249027132987976, 0.9404517412185669, 0.9395440816879272]
 Testing Label Acc: [0.9551020264625549, 0.983259916305542, 0.9312015771865845, 0.9594059586524963, 0.8951120376586914, 0.8755605220794678, 0.9780793190002441, 0.39202335476875305, 0.9312114715576172, 0.9345887303352356]
 Testing Label Acc: [0.9744898080825806, 0.9894273281097412, 0.9186046719551086, 0.9504950642585754, 0.9541751742362976, 0.9428251385688782, 0.9665970802307129, 0.7538910508155823, 0.9209445714950562, 0.9147670865058899]
 Testing Label Acc: [0.9765306115150452, 1.0, 0.75, 0.6009901165962219, 0.9256619215011597, 0.0033632286358624697, 0.8444676399230957, 0.0, 0.7505133748054504, 0.2180376648902893]
 Testing Label Acc: [0.9846938848495483, 0.9797356724739075, 0.9273256063461304, 0.893069326877594, 0.8839103579521179, 0.9562780261039734, 0.962421715259552, 0.3910505771636963, 0.953798770904541, 0.9563924670219421]
 Testing Label Acc: [0.9918367266654968, 0.9312775135040283, 0.8614341020584106, 0.9663366079330444, 0.9063136577606201, 0.8587443828582764, 0.9436325430870056, 0.0, 0.9517453908920288, 0.9484637975692749]
 Testing Label Acc: [0.981632649898529, 0.9867841601371765, 0.9467054009437561, 0.9435643553733826, 0.9358451962471008, 0.9192824959754944, 0.9561586380004883, 0.40175098180770874, 0.9271047115325928, 0.959365725517273]
 Testing Label Acc: [0.9887754917144775, 0.9876651763916016, 0.9312015771865845, 0.9445544481277466, 0.9236252307891846, 0.9349775910377502, 0.9498956203460693, 0.43871596455574036, 0.9363449811935425, 0.9474727511405945]
 Testing Label Acc: [0.981632649898529, 0.9894273281097412, 0.932170569896698, 0.9465346336364746, 0.9236252307891846, 0.9170403480529785, 0.9655532240867615, 0.5505836606025696, 0.9435318112373352, 0.9514370560646057]
 Testing Label Acc: [0.8714285492897034, 0.9814978241920471, 0.9292635917663574, 0.9178217649459839, 0.8971486687660217, 0.402466356754303, 0.9895615577697754, 0.0, 0.8162217736244202, 0.9672943353652954]
 Testing Label Acc: [0.9806122183799744, 0.9850220084190369, 0.9282945990562439, 0.8999999761581421, 0.9368635416030884, 0.9495515823364258, 0.9655532240867615, 0.6789883375167847, 0.9363449811935425, 0.9435084462165833]
 Testing Label Acc: [0.9867346882820129, 0.9894273281097412, 0.930232584476471, 0.8980197906494141, 0.9613034725189209, 0.931614339351654, 0.9572024941444397, 0.5904669165611267, 0.9322382211685181, 0.9335976243019104]
 Testing Label Acc: [0.9795918464660645, 0.9885462522506714, 0.9292635917663574, 0.9376237392425537, 0.9114053249359131, 0.9282511472702026, 0.9665970802307129, 0.7645914554595947, 0.9486653208732605, 0.9524281620979309]
 Testing Label Acc: [0.9275510311126709, 0.8977973461151123, 0.8827519416809082, 0.8693069219589233, 0.686354398727417, 0.9955157041549683, 0.931106448173523, 0.655642032623291, 0.6878849864006042, 0.8909811973571777]
 Testing Label Acc: [0.981632649898529, 0.992951512336731, 0.9476743936538696, 0.9554455280303955, 0.9348269104957581, 0.9069506525993347, 0.9676409363746643, 0.661478579044342, 0.9014373421669006, 0.9226957559585571]
 Testing Label Acc: [0.9714285731315613, 0.9938325881958008, 0.9563953280448914, 0.8227722644805908, 0.9215885996818542, 0.9517937302589417, 0.968684732913971, 0.5311284065246582, 0.8480492830276489, 0.9236868023872375]
 Testing Label Acc: [0.9857142567634583, 0.9894273281097412, 0.9244186282157898, 0.9287128448486328, 0.9470468163490295, 0.9372197389602661, 0.9582463502883911, 0.5194552540779114, 0.9476386308670044, 0.9464816451072693]
 Testing Label Acc: [0.9693877696990967, 0.9876651763916016, 0.940891444683075, 0.9326732754707336, 0.9297352433204651, 0.945067286491394, 0.9592902064323425, 0.631322979927063, 0.9650924205780029, 0.9385530352592468]
 Testing Label Acc: [0.9836734533309937, 0.9885462522506714, 0.9312015771865845, 0.9267326593399048, 0.9501018524169922, 0.9562780261039734, 0.9603340029716492, 0.0019455252913758159, 0.9281314015388489, 0.9226957559585571]
 Testing Label Acc: [0.9877551198005676, 0.9709250926971436, 0.9253876209259033, 0.7485148310661316, 0.9083502888679504, 0.9943946003913879, 0.8089770078659058, 0.41147860884666443, 0.8880903720855713, 0.7581763863563538]
 Testing Label Acc: [0.9785714149475098, 0.9867841601371765, 0.9244186282157898, 0.9396039843559265, 0.9389002323150635, 0.9170403480529785, 0.962421715259552, 0.5787937641143799, 0.9455851912498474, 0.9454905986785889]
 Testing Label Acc: [0.9704081416130066, 0.9841409921646118, 0.9457364082336426, 0.9584158658981323, 0.9164969325065613, 0.9136771559715271, 0.9749478101730347, 0.057392995804548264, 0.9383983612060547, 0.9444994926452637]
 Testing Label Acc: [0.981632649898529, 0.9867841601371765, 0.9418604373931885, 0.9495049715042114, 0.9124236106872559, 0.9282511472702026, 0.9645093679428101, 0.7140077948570251, 0.9404517412185669, 0.9534192085266113]
 Testing Label Acc: [0.9795918464660645, 1.0, 0.6850775480270386, 0.804950475692749, 0.8981670141220093, 0.4730941653251648, 0.8235908150672913, 0.0, 0.8685831427574158, 0.5906838178634644]
 Testing Label Acc: [0.9826530814170837, 0.9894273281097412, 0.932170569896698, 0.9435643553733826, 0.8900203704833984, 0.9428251385688782, 0.9655532240867615, 0.8103112578392029, 0.9394250512123108, 0.959365725517273]
 Testing Label Acc: [0.9897959232330322, 0.9753304123878479, 0.8720930218696594, 0.9683168530464172, 0.9185336232185364, 0.7937219738960266, 0.9561586380004883, 0.0, 0.9671458005905151, 0.9524281620979309]
 Testing Label Acc: [0.9846938848495483, 0.983259916305542, 0.9622092843055725, 0.9564356207847595, 0.9073320031166077, 0.926008939743042, 0.9572024941444397, 0.36089494824409485, 0.9394250512123108, 0.9484637975692749]
 Testing Label Acc: [0.9836734533309937, 0.9876651763916016, 0.9525193572044373, 0.9415841698646545, 0.9236252307891846, 0.9136771559715271, 0.968684732913971, 0.08365758508443832, 0.9322382211685181, 0.9464816451072693]
 Testing Label Acc: [0.9785714149475098, 0.9885462522506714, 0.9486433863639832, 0.9188118577003479, 0.9246435761451721, 0.8834080696105957, 0.9592902064323425, 0.2616731524467468, 0.941478431224823, 0.9583746194839478]
 Testing Label Acc: [0.9530612230300903, 0.9850220084190369, 0.8498061895370483, 0.9346534609794617, 0.9266802668571472, 0.42825111746788025, 0.9885177612304688, 0.0, 0.8788501024246216, 0.9514370560646057]
 Testing Label Acc: [0.9836734533309937, 0.9911894202232361, 0.9389534592628479, 0.9435643553733826, 0.9501018524169922, 0.9596412777900696, 0.9530271291732788, 0.8861867785453796, 0.918891191482544, 0.9326065182685852]
 Testing Label Acc: [0.9867346882820129, 0.9885462522506714, 0.9147287011146545, 0.8999999761581421, 0.951120138168335, 0.9237667918205261, 0.9645093679428101, 0.5282101035118103, 0.9394250512123108, 0.935579776763916]
 Testing Label Acc: [0.9836734533309937, 0.9885462522506714, 0.9360465407371521, 0.9485148787498474, 0.9307535886764526, 0.9461883306503296, 0.9592902064323425, 0.868677020072937, 0.9425051212310791, 0.9444994926452637]
 Testing Label Acc: [0.9581632614135742, 0.9259911775588989, 0.9360465407371521, 0.9356435537338257, 0.8492871522903442, 0.9786995649337769, 0.9227557182312012, 0.8054474592208862, 0.7351129651069641, 0.9454905986785889]
 Testing Label Acc: [0.9765306115150452, 0.9894273281097412, 0.9505813717842102, 0.9405940771102905, 0.92769855260849, 0.9383407831192017, 0.9728600978851318, 0.17704279720783234, 0.9383983612060547, 0.9534192085266113]
 Testing Label Acc: [0.9765306115150452, 0.9911894202232361, 0.9563953280448914, 0.8623762130737305, 0.9338085651397705, 0.9708520174026489, 0.9676409363746643, 0.6468871831893921, 0.9147843718528748, 0.9514370560646057]
 Testing Label Acc: [0.9744898080825806, 0.9903083443641663, 0.9457364082336426, 0.9346534609794617, 0.9175152778625488, 0.9551569223403931, 0.9718163013458252, 0.6060311198234558, 0.9137576818466187, 0.962338924407959]
 Testing Label Acc: [0.9836734533309937, 0.992951512336731, 0.9215116500854492, 0.9475247263908386, 0.9470468163490295, 0.9573991298675537, 0.9655532240867615, 0.5622568130493164, 0.9219712615013123, 0.928642213344574]
 Testing Label Acc: [0.9836734533309937, 0.9903083443641663, 0.9215116500854492, 0.9534653425216675, 0.9419552087783813, 0.9372197389602661, 0.968684732913971, 0.43968871235847473, 0.929158091545105, 0.9276511669158936]
 Testing Label Acc: [0.972449004650116, 0.9691630005836487, 0.9350775480270386, 0.8099009990692139, 0.9562118053436279, 0.9966367483139038, 0.855949878692627, 0.6809338331222534, 0.8552361130714417, 0.8622398376464844]
 Testing Label Acc: [0.9826530814170837, 0.9876651763916016, 0.9108527302742004, 0.9346534609794617, 0.9439918398857117, 0.9540358781814575, 0.9634655714035034, 0.0, 0.9466118812561035, 0.9345887303352356]
 Testing Label Acc: [0.981632649898529, 0.9850220084190369, 0.9457364082336426, 0.9514851570129395, 0.92769855260849, 0.9663677215576172, 0.9592902064323425, 0.768482506275177, 0.9425051212310791, 0.9474727511405945]
 Testing Label Acc: [0.9857142567634583, 0.9903083443641663, 0.9370155334472656, 0.9564356207847595, 0.9551934599876404, 0.9125560522079468, 0.9728600978851318, 0.0, 0.9507187008857727, 0.9147670865058899]
 Testing Label Acc: [0.9806122183799744, 0.9876651763916016, 0.9399224519729614, 0.9386138319969177, 0.9572301506996155, 0.9248878955841064, 0.9613778591156006, 0.8297665119171143, 0.9383983612060547, 0.9425173401832581]
 Testing Label Acc: [0.9887754917144775, 0.9903083443641663, 0.9370155334472656, 0.9207921028137207, 0.9378818869590759, 0.908071756362915, 0.9582463502883911, 0.4182879328727722, 0.9609856009483337, 0.9405351877212524]
 Testing Label Acc: [0.9836734533309937, 0.9850220084190369, 0.934108555316925, 0.9554455280303955, 0.9399185180664062, 0.9192824959754944, 0.9613778591156006, 0.7354085445404053, 0.9579055309295654, 0.9544103145599365]
 Testing Label Acc: [0.9836734533309937, 0.9735682606697083, 0.9476743936538696, 0.9425742626190186, 0.9419552087783813, 0.9461883306503296, 0.9519832730293274, 0.5282101035118103, 0.9650924205780029, 0.9454905986785889]
 Testing Label Acc: [0.9765306115150452, 0.9894273281097412, 0.963178277015686, 0.9475247263908386, 0.9052953124046326, 0.9013453125953674, 0.9697285890579224, 0.3404669165611267, 0.9486653208732605, 0.9563924670219421]
 Testing Label Acc: [0.981632649898529, 0.9894273281097412, 0.9186046719551086, 0.9396039843559265, 0.8798370957374573, 0.8811659216880798, 0.9676409363746643, 0.08171205967664719, 0.9383983612060547, 0.966303288936615]
 Testing Label Acc: [0.9826530814170837, 0.9920704960823059, 0.9079457521438599, 0.9564356207847595, 0.9164969325065613, 0.7533632516860962, 0.9770354628562927, 0.0, 0.9373716711997986, 0.9524281620979309]
 Testing Label Acc: [0.9785714149475098, 0.9885462522506714, 0.9554263353347778, 0.9366336464881897, 0.958248496055603, 0.9484304785728455, 0.9645093679428101, 0.8394941687583923, 0.9260780215263367, 0.9365708827972412]
 Testing Label Acc: [0.9795918464660645, 0.9885462522506714, 0.9486433863639832, 0.9326732754707336, 0.9551934599876404, 0.9035874605178833, 0.9707724452018738, 0.032101165503263474, 0.9486653208732605, 0.9415262341499329]
 Testing Label Acc: [0.9877551198005676, 0.9770925045013428, 0.9021317958831787, 0.9603960514068604, 0.9083502888679504, 0.9417040348052979, 0.9540709853172302, 0.701361894607544, 0.9517453908920288, 0.9613478779792786]
 Testing Label Acc: [0.9755101799964905, 0.9867841601371765, 0.9205426573753357, 0.9306930899620056, 0.9185336232185364, 0.939461886882782, 0.9707724452018738, 0.462062269449234, 0.9630390405654907, 0.9504460096359253]
 Testing Label Acc: [0.968367338180542, 0.9876651763916016, 0.940891444683075, 0.9623762369155884, 0.8706721067428589, 0.9517937302589417, 0.9718163013458252, 0.05252918228507042, 0.9332649111747742, 0.9583746194839478]
 Testing Label Acc: [0.9795918464660645, 0.9894273281097412, 0.9457364082336426, 0.9396039843559265, 0.9348269104957581, 0.9674887657165527, 0.9676409363746643, 0.45428016781806946, 0.9363449811935425, 0.9534192085266113]
 Testing Label Acc: [0.9836734533309937, 0.9920704960823059, 0.9389534592628479, 0.9495049715042114, 0.9613034725189209, 0.9607623219490051, 0.9655532240867615, 0.637159526348114, 0.9312114715576172, 0.9464816451072693]
 Testing Label Acc: [0.9755101799964905, 0.992951512336731, 0.9224806427955627, 0.9366336464881897, 0.9562118053436279, 0.9517937302589417, 0.9707724452018738, 0.7149805426597595, 0.9332649111747742, 0.9474727511405945]
 Testing Label Acc: [0.9877551198005676, 0.9903083443641663, 0.9331395626068115, 0.9435643553733826, 0.9551934599876404, 0.9327354431152344, 0.9582463502883911, 0.7422178983688354, 0.9445585012435913, 0.9217046499252319]
 Testing Label Acc: [0.9795918464660645, 0.9788545966148376, 0.9505813717842102, 0.8980197906494141, 0.9236252307891846, 0.976457417011261, 0.9415448904037476, 0.7227626442909241, 0.9435318112373352, 0.9474727511405945]
 Testing Label Acc: [0.9836734533309937, 0.9867841601371765, 0.9127907156944275, 0.9287128448486328, 0.9256619215011597, 0.945067286491394, 0.9655532240867615, 0.0, 0.9548254609107971, 0.9454905986785889]
 Testing Label Acc: [0.9836734533309937, 0.9859030842781067, 0.934108555316925, 0.9564356207847595, 0.9307535886764526, 0.9585201740264893, 0.9603340029716492, 0.8268482685089111, 0.9445585012435913, 0.9583746194839478]
 Testing Label Acc: [0.9826530814170837, 0.9885462522506714, 0.9534883499145508, 0.9366336464881897, 0.9613034725189209, 0.9562780261039734, 0.9645093679428101, 0.7042801380157471, 0.9209445714950562, 0.9375619292259216]
 Testing Label Acc: [0.9734693765640259, 0.9911894202232361, 0.9622092843055725, 0.9504950642585754, 0.9541751742362976, 0.9226457476615906, 0.9718163013458252, 0.23638132214546204, 0.9178645014762878, 0.9405351877212524]
 Testing Label Acc: [0.9897959232330322, 0.9947136640548706, 0.940891444683075, 0.8811880946159363, 0.9633401036262512, 0.8890134692192078, 0.9530271291732788, 0.09727626293897629, 0.9353182911872864, 0.9236868023872375]
 Testing Label Acc: [0.9857142567634583, 0.9903083443641663, 0.9389534592628479, 0.9554455280303955, 0.9287168979644775, 0.8688340783119202, 0.9634655714035034, 0.0, 0.9517453908920288, 0.9583746194839478]
 Testing Label Acc: [0.9826530814170837, 0.9797356724739075, 0.9544573426246643, 0.9554455280303955, 0.9501018524169922, 0.9551569223403931, 0.968684732913971, 0.6643968820571899, 0.9373716711997986, 0.9504460096359253]
 Testing Label Acc: [0.9826530814170837, 0.9911894202232361, 0.940891444683075, 0.9564356207847595, 0.9450101852416992, 0.931614339351654, 0.9676409363746643, 0.8959143757820129, 0.9455851912498474, 0.9524281620979309]
 Testing Label Acc: [0.9857142567634583, 0.9867841601371765, 0.9312015771865845, 0.9544554352760315, 0.9226069450378418, 0.9439461827278137, 0.962421715259552, 0.6653696298599243, 0.9486653208732605, 0.9484637975692749]
 Testing Label Acc: [0.9877551198005676, 0.9894273281097412, 0.9476743936538696, 0.9564356207847595, 0.9480651617050171, 0.9103139042854309, 0.9707724452018738, 0.6926069855690002, 0.9568788409233093, 0.9474727511405945]
 Testing Label Acc: [0.9775510430335999, 0.9911894202232361, 0.9602712988853455, 0.9415841698646545, 0.9490835070610046, 0.9417040348052979, 0.9697285890579224, 0.8414396643638611, 0.9137576818466187, 0.9425173401832581]
 Testing Label Acc: [0.9693877696990967, 0.9859030842781067, 0.9282945990562439, 0.9643564224243164, 0.9409368634223938, 0.8733183741569519, 0.9780793190002441, 0.0, 0.9579055309295654, 0.9177403450012207]
 Testing Label Acc: [0.9826530814170837, 0.9885462522506714, 0.9399224519729614, 0.9495049715042114, 0.9063136577606201, 0.9506726264953613, 0.9645093679428101, 0.6721789836883545, 0.9455851912498474, 0.9643211364746094]
 Testing Label Acc: [0.9887754917144775, 0.9823788404464722, 0.8846899271011353, 0.9356435537338257, 0.8360489010810852, 0.8901345133781433, 0.9478079080581665, 0.0009727626456879079, 0.975359320640564, 0.9563924670219421]
 Testing Label Acc: [0.972449004650116, 0.9823788404464722, 0.9496123790740967, 0.9603960514068604, 0.9103869795799255, 0.9529147744178772, 0.9697285890579224, 0.7363813519477844, 0.9527720808982849, 0.9603567719459534]
 Testing Label Acc: [0.9806122183799744, 0.9779735803604126, 0.9312015771865845, 0.9049504995346069, 0.8920570015907288, 0.9809417128562927, 0.9718163013458252, 0.3968871533870697, 0.9507187008857727, 0.9454905986785889]
 Testing Label Acc: [0.9877551198005676, 0.9841409921646118, 0.9370155334472656, 0.9514851570129395, 0.9684317708015442, 0.9439461827278137, 0.9592902064323425, 0.7636186480522156, 0.9548254609107971, 0.9534192085266113]
 Testing Label Acc: [0.9806122183799744, 0.9920704960823059, 0.9583333134651184, 0.9396039843559265, 0.9460285305976868, 0.9473094344139099, 0.9770354628562927, 0.005836575757712126, 0.9425051212310791, 0.9504460096359253]
 Testing Label Acc: [0.9846938848495483, 0.9894273281097412, 0.9360465407371521, 0.9485148787498474, 0.9307535886764526, 0.9327354431152344, 0.9582463502883911, 0.6468871831893921, 0.9507187008857727, 0.9583746194839478]
 Testing Label Acc: [0.9765306115150452, 0.9859030842781067, 0.940891444683075, 0.9643564224243164, 0.9439918398857117, 0.9338564872741699, 0.9749478101730347, 0.6167315244674683, 0.9496920108795166, 0.9613478779792786]
 Testing Label Acc: [0.9877551198005676, 0.9894273281097412, 0.9399224519729614, 0.8999999761581421, 0.9205702543258667, 0.9663677215576172, 0.9572024941444397, 0.16050583124160767, 0.9476386308670044, 0.9554013609886169]
 Testing Label Acc: [0.9877551198005676, 0.9885462522506714, 0.9593023061752319, 0.9118812084197998, 0.8930753469467163, 0.9775784611701965, 0.9384133815765381, 0.7344357967376709, 0.8963038921356201, 0.962338924407959]
 Testing Label Acc: [0.9887754917144775, 0.9894273281097412, 0.9263566136360168, 0.9485148787498474, 0.9643584489822388, 0.9125560522079468, 0.9634655714035034, 0.4941634237766266, 0.9445585012435913, 0.9256689548492432]
 Testing Label Acc: [0.9612244963645935, 0.9920704960823059, 0.9709302186965942, 0.9534653425216675, 0.9745417237281799, 0.926008939743042, 0.9728600978851318, 0.7149805426597595, 0.895277202129364, 0.9008919596672058]
 Testing Label Acc: [0.9867346882820129, 0.9938325881958008, 0.9457364082336426, 0.9514851570129395, 0.9531568288803101, 0.9383407831192017, 0.9613778591156006, 0.7431906461715698, 0.9476386308670044, 0.9484637975692749]
 Testing Label Acc: [0.9836734533309937, 0.9938325881958008, 0.942829430103302, 0.9544554352760315, 0.9501018524169922, 0.818385660648346, 0.968684732913971, 0.0009727626456879079, 0.9158110618591309, 0.9534192085266113]
 Testing Label Acc: [0.981632649898529, 0.9859030842781067, 0.9496123790740967, 0.9465346336364746, 0.9185336232185364, 0.9417040348052979, 0.9749478101730347, 0.24319066107273102, 0.9496920108795166, 0.9633300304412842]
 Testing Label Acc: [0.981632649898529, 0.9911894202232361, 0.9476743936538696, 0.9485148787498474, 0.9439918398857117, 0.9506726264953613, 0.9613778591156006, 0.7996109127998352, 0.9620122909545898, 0.9573835730552673]
 Testing Label Acc: [0.9867346882820129, 0.9876651763916016, 0.9360465407371521, 0.9405940771102905, 0.9378818869590759, 0.9428251385688782, 0.9582463502883911, 0.5680933594703674, 0.9507187008857727, 0.9514370560646057]
 Testing Label Acc: [0.9887754917144775, 0.9894273281097412, 0.9389534592628479, 0.9544554352760315, 0.9623218178749084, 0.931614339351654, 0.968684732913971, 0.5826848149299622, 0.9445585012435913, 0.9504460096359253]
 Testing Label Acc: [0.9806122183799744, 0.9903083443641663, 0.932170569896698, 0.9554455280303955, 0.9480651617050171, 0.9204035997390747, 0.9739039540290833, 0.6498054265975952, 0.9527720808982849, 0.9454905986785889]
 Testing Label Acc: [0.9785714149475098, 0.9867841601371765, 0.9331395626068115, 0.9574257135391235, 0.9704684615135193, 0.8385650515556335, 0.9697285890579224, 0.005836575757712126, 0.9712525606155396, 0.9137760400772095]
 Testing Label Acc: [0.9795918464660645, 0.9876651763916016, 0.9312015771865845, 0.9564356207847595, 0.9429734945297241, 0.9383407831192017, 0.9718163013458252, 0.7889105081558228, 0.9527720808982849, 0.9484637975692749]
 Testing Label Acc: [0.9887754917144775, 0.9744493365287781, 0.8488371968269348, 0.9158415794372559, 0.8665987849235535, 0.8778026700019836, 0.9509394764900208, 0.0, 0.9743326306343079, 0.9573835730552673]
 Testing Label Acc: [0.9846938848495483, 0.9885462522506714, 0.944767415523529, 0.9386138319969177, 0.9480651617050171, 0.9551569223403931, 0.9676409363746643, 0.07976653426885605, 0.9568788409233093, 0.9474727511405945]
