 Testing Label Acc: [0.8520408272743225, 0.9691630005836487, 0.7015503644943237, 0.1158415824174881, 0.42566192150115967, 0.0, 0.2453027069568634, 0.0, 0.02258726954460144, 0.8691774010658264]
 Testing Label Acc: [0.7938775420188904, 0.9867841601371765, 0.21705426275730133, 0.6633663177490234, 0.19450101256370544, 0.0, 0.4300626218318939, 0.0, 0.7022587060928345, 0.11892963200807571]
 Testing Label Acc: [0.15306122601032257, 0.9453744292259216, 0.08914728462696075, 0.9376237392425537, 0.3319755494594574, 0.010089686140418053, 0.8267223238945007, 0.05350194498896599, 0.08110883086919785, 0.3805748224258423]
 Testing Label Acc: [0.609183669090271, 0.7462555170059204, 0.32073643803596497, 0.0009900990407913923, 0.07128309458494186, 0.0, 0.0991649255156517, 0.0, 0.9897330403327942, 0.21308225393295288]
 Testing Label Acc: [0.936734676361084, 0.9841409921646118, 0.19476744532585144, 0.002970297122374177, 0.6771894097328186, 0.0, 0.15448851883411407, 0.0, 0.5236139893531799, 0.7215064167976379]
 Testing Label Acc: [0.949999988079071, 0.9030836820602417, 0.7965116500854492, 0.5237624049186707, 0.18533605337142944, 0.0, 0.20354905724525452, 0.0, 0.024640657007694244, 0.7581763863563538]
 Testing Label Acc: [0.9561224579811096, 0.8290749192237854, 0.6385658979415894, 0.4811881184577942, 0.6079429984092712, 0.0, 0.7766179442405701, 0.0, 0.37166324257850647, 0.7710604667663574]
 Testing Label Acc: [0.6969387531280518, 0.9964757561683655, 0.03972868248820305, 0.591089129447937, 0.10183299332857132, 0.0, 0.736952006816864, 0.0, 0.21457906067371368, 0.8473736643791199]
 Testing Label Acc: [0.14795918762683868, 1.0, 0.22868217527866364, 0.22079208493232727, 0.47148674726486206, 0.0, 0.2870563566684723, 0.0, 0.15400411188602448, 0.42517343163490295]
 Testing Label Acc: [0.9428571462631226, 1.0, 0.1434108465909958, 0.003960396163165569, 0.5397148728370667, 0.0, 0.5073068737983704, 0.0, 0.013347022235393524, 0.6957383751869202]
 Testing Label Acc: [0.9581632614135742, 0.9753304123878479, 0.7422480583190918, 0.501980185508728, 0.2179226130247116, 0.0011210762895643711, 0.8987473845481873, 0.0, 0.3829568922519684, 0.871159553527832]
 Testing Label Acc: [0.9591836929321289, 0.9621145129203796, 0.8013566136360168, 0.7217822074890137, 0.29226070642471313, 0.0, 0.8225469589233398, 0.0, 0.0564681738615036, 0.8731417059898376]
 Testing Label Acc: [0.9479591846466064, 0.9674009084701538, 0.6317829489707947, 0.8841584324836731, 0.5509164929389954, 0.0, 0.8267223238945007, 0.16731517016887665, 0.8737166523933411, 0.4985133707523346]
 Testing Label Acc: [0.968367338180542, 0.9894273281097412, 0.6579457521438599, 0.6891089081764221, 0.6262729167938232, 0.0022421525791287422, 0.867432177066803, 0.0, 0.2782340943813324, 0.7611496448516846]
 Testing Label Acc: [0.9642857313156128, 0.9964757561683655, 0.3139534890651703, 0.8425742387771606, 0.7342159152030945, 0.010089686140418053, 0.7588726282119751, 0.0, 0.08316221833229065, 0.32804757356643677]
 Testing Label Acc: [0.9173469543457031, 0.9894273281097412, 0.5135658979415894, 0.790099024772644, 0.2973523437976837, 0.07062780112028122, 0.9498956203460693, 0.02529182843863964, 0.1673511266708374, 0.7958374619483948]
 Testing Label Acc: [0.9867346882820129, 0.9894273281097412, 0.5251938104629517, 0.711881160736084, 0.9256619215011597, 0.006726457271724939, 0.7974947690963745, 0.0, 0.2197125256061554, 0.06838453561067581]
 Testing Label Acc: [0.9846938848495483, 0.9797356724739075, 0.713178277015686, 0.7693069577217102, 0.800407350063324, 0.026905829086899757, 0.7922755479812622, 0.0, 0.5195071697235107, 0.42814669013023376]
 Testing Label Acc: [0.9663265347480774, 0.9603524208068848, 0.4282945692539215, 0.5643564462661743, 0.8279022574424744, 0.0, 0.6931106448173523, 0.0, 0.9599589109420776, 0.045589692890644073]
 Testing Label Acc: [0.9489796161651611, 0.9911894202232361, 0.5358527302742004, 0.7653465270996094, 0.7932790517807007, 0.035874441266059875, 0.9217119216918945, 0.0, 0.047227926552295685, 0.002973240800201893]
 Testing Label Acc: [0.9744898080825806, 0.9885462522506714, 0.6056201457977295, 0.9445544481277466, 0.8808553814888, 0.0011210762895643711, 0.9342380166053772, 0.0, 0.5359342694282532, 0.40832507610321045]
 Testing Label Acc: [0.9551020264625549, 0.9867841601371765, 0.6967054009437561, 0.8554455637931824, 0.7993890047073364, 0.006726457271724939, 0.9123173356056213, 0.5136186480522156, 0.6878849864006042, 0.7849355936050415]
 Testing Label Acc: [0.9836734533309937, 0.9947136640548706, 0.6027131676673889, 0.8257426023483276, 0.8065173029899597, 0.00784753356128931, 0.8778705596923828, 0.0, 0.5687885284423828, 0.35381564497947693]
 Testing Label Acc: [0.9673469662666321, 0.9920704960823059, 0.6734496355056763, 0.7792079448699951, 0.8258655667304993, 0.0022421525791287422, 0.9102296233177185, 0.06712061911821365, 0.6622176766395569, 0.6481664776802063]
 Testing Label Acc: [0.9489796161651611, 0.976211428642273, 0.7771317958831787, 0.7742574214935303, 0.9368635416030884, 0.0, 0.9498956203460693, 0.0, 0.34907597303390503, 0.04360753297805786]
 Testing Label Acc: [0.9846938848495483, 0.9797356724739075, 0.748062014579773, 0.8752475380897522, 0.8553971648216248, 0.020179372280836105, 0.9258872866630554, 0.0, 0.5544148087501526, 0.5530228018760681]
 Testing Label Acc: [0.9795918464660645, 0.9788545966148376, 0.7567829489707947, 0.8217821717262268, 0.7454175353050232, 0.13116592168807983, 0.8956158757209778, 0.09727626293897629, 0.675564706325531, 0.8771060705184937]
 Testing Label Acc: [0.9653061032295227, 0.9859030842781067, 0.7180232405662537, 0.8168317079544067, 0.7179226279258728, 0.0, 0.9603340029716492, 0.0, 0.6889116764068604, 0.803766131401062]
 Testing Label Acc: [0.9632652997970581, 0.9859030842781067, 0.7936046719551086, 0.800990104675293, 0.7800407409667969, 0.005605380982160568, 0.9185803532600403, 0.0, 0.17967145144939423, 0.6848364472389221]
 Testing Label Acc: [0.9826530814170837, 0.9867841601371765, 0.7170542478561401, 0.5960395932197571, 0.6384928822517395, 0.07286995649337769, 0.8789144158363342, 0.0, 0.5195071697235107, 0.928642213344574]
 Testing Label Acc: [0.9775510430335999, 0.9718061685562134, 0.942829430103302, 0.805940568447113, 0.8686354160308838, 0.402466356754303, 0.8340292572975159, 0.0, 0.5698152184486389, 0.45490583777427673]
 Testing Label Acc: [0.981632649898529, 0.9788545966148376, 0.7955426573753357, 0.8732673525810242, 0.9307535886764526, 0.06165919452905655, 0.9363256692886353, 0.0, 0.7926077842712402, 0.18632309138774872]
 Testing Label Acc: [0.9795918464660645, 0.9867841601371765, 0.8313953280448914, 0.896039605140686, 0.9052953124046326, 0.31165918707847595, 0.924843430519104, 0.6682879328727722, 0.7505133748054504, 0.49157580733299255]
 Testing Label Acc: [0.9530612230300903, 0.9788545966148376, 0.8304263353347778, 0.8881188035011292, 0.9236252307891846, 0.032511211931705475, 0.9676409363746643, 0.0, 0.7340862154960632, 0.3666996955871582]
 Testing Label Acc: [0.9775510430335999, 0.9903083443641663, 0.7742248177528381, 0.9267326593399048, 0.8716904520988464, 0.07062780112028122, 0.9008350968360901, 0.0, 0.7956879138946533, 0.8444004058837891]
 Testing Label Acc: [0.9765306115150452, 0.9550660848617554, 0.9215116500854492, 0.8534653186798096, 0.9205702543258667, 0.5381165742874146, 0.9279749393463135, 0.057392995804548264, 0.7525667548179626, 0.49554014205932617]
 Testing Label Acc: [0.968367338180542, 0.9788545966148376, 0.7984496355056763, 0.8504950404167175, 0.8350305557250977, 0.0044843051582574844, 0.9290187954902649, 0.022373540326952934, 0.872689962387085, 0.6392467617988586]
 Testing Label Acc: [0.9744898080825806, 0.9823788404464722, 0.875, 0.9118812084197998, 0.8116089701652527, 0.13116592168807983, 0.9290187954902649, 0.7461089491844177, 0.558521568775177, 0.8652130961418152]
 Testing Label Acc: [0.9591836929321289, 0.9559471607208252, 0.8313953280448914, 0.9148514866828918, 0.795315682888031, 0.04035874456167221, 0.9739039540290833, 0.04474708065390587, 0.8275154232978821, 0.810703694820404]
 Testing Label Acc: [0.9785714149475098, 0.9788545966148376, 0.8275193572044373, 0.893069326877594, 0.8564154505729675, 0.005605380982160568, 0.9164927005767822, 0.5359922051429749, 0.7843942642211914, 0.7760158777236938]
 Testing Label Acc: [0.9459183812141418, 0.9568281769752502, 0.5232558250427246, 0.8881188035011292, 0.8177189230918884, 0.008968610316514969, 0.9394571781158447, 0.0, 0.9373716711997986, 0.8097125887870789]
 Testing Label Acc: [0.9632652997970581, 0.9938325881958008, 0.8691860437393188, 0.9306930899620056, 0.7851324081420898, 0.030269058421254158, 0.9363256692886353, 0.015564202331006527, 0.6108829379081726, 0.8929633498191833]
 Testing Label Acc: [0.9765306115150452, 0.9859030842781067, 0.8420542478561401, 0.8653465509414673, 0.844195544719696, 0.45852017402648926, 0.9613778591156006, 0.31420233845710754, 0.7464065551757812, 0.6977205276489258]
 Testing Label Acc: [0.9795918464660645, 0.9903083443641663, 0.8449612259864807, 0.8643564581871033, 0.8869653940200806, 0.18609865009784698, 0.9415448904037476, 0.47373542189598083, 0.7494866251945496, 0.7869177460670471]
 Testing Label Acc: [0.9704081416130066, 0.976211428642273, 0.873062014579773, 0.89702969789505, 0.9389002323150635, 0.023542601615190506, 0.9572024941444397, 0.08171205967664719, 0.6909651160240173, 0.25867193937301636]
 Testing Label Acc: [0.9673469662666321, 0.983259916305542, 0.8856589198112488, 0.9148514866828918, 0.8228105902671814, 0.19618834555149078, 0.9488517642021179, 0.4474708139896393, 0.7361396551132202, 0.8929633498191833]
 Testing Label Acc: [0.9806122183799744, 0.9867841601371765, 0.8875969052314758, 0.89702969789505, 0.9307535886764526, 0.26233184337615967, 0.9123173356056213, 0.6118677258491516, 0.7207392454147339, 0.5797819495201111]
 Testing Label Acc: [0.9785714149475098, 0.9797356724739075, 0.8963178396224976, 0.8891088962554932, 0.7790223956108093, 0.4372197389602661, 0.9081419706344604, 0.8433852195739746, 0.7238193154335022, 0.9028741121292114]
 Testing Label Acc: [0.9622448682785034, 0.9938325881958008, 0.7810077667236328, 0.9148514866828918, 0.9236252307891846, 0.13228699564933777, 0.9436325430870056, 0.0, 0.7535934448242188, 0.4142715632915497]
 Testing Label Acc: [0.9642857313156128, 0.9788545966148376, 0.8701550364494324, 0.8831683397293091, 0.8340122103691101, 0.11547084897756577, 0.9540709853172302, 0.5311284065246582, 0.7710472345352173, 0.8513379693031311]
 Testing Label Acc: [0.9714285731315613, 0.9718061685562134, 0.9244186282157898, 0.9128713011741638, 0.746435821056366, 0.060538116842508316, 0.9384133815765381, 0.27334630489349365, 0.7895277142524719, 0.8761149644851685]
 Testing Label Acc: [0.9806122183799744, 0.9735682606697083, 0.8701550364494324, 0.8782178163528442, 0.9317718744277954, 0.20739910006523132, 0.9091858267784119, 0.0, 0.9260780215263367, 0.5857284665107727]
 Testing Label Acc: [0.9734693765640259, 0.9903083443641663, 0.8924418687820435, 0.9019802212715149, 0.8788187503814697, 0.3991031348705292, 0.9530271291732788, 0.2188715934753418, 0.8080081939697266, 0.7809712290763855]
 Testing Label Acc: [0.9734693765640259, 0.9814978241920471, 0.8594961166381836, 0.908910870552063, 0.9114053249359131, 0.18609865009784698, 0.9498956203460693, 0.05447470769286156, 0.8655030727386475, 0.8354806900024414]
 Testing Label Acc: [0.949999988079071, 0.9911894202232361, 0.8885658979415894, 0.9396039843559265, 0.9154785871505737, 0.3632287085056305, 0.942588746547699, 0.01848248951137066, 0.7330595254898071, 0.7908820509910583]
 Testing Label Acc: [0.9795918464660645, 0.9859030842781067, 0.8875969052314758, 0.908910870552063, 0.9185336232185364, 0.2533632218837738, 0.9342380166053772, 0.4873540997505188, 0.8213552236557007, 0.8136768937110901]
 Testing Label Acc: [0.9765306115150452, 0.983259916305542, 0.9205426573753357, 0.8643564581871033, 0.8900203704833984, 0.46860986948013306, 0.9342380166053772, 0.6682879328727722, 0.8511293530464172, 0.7700693607330322]
 Testing Label Acc: [0.9755101799964905, 0.976211428642273, 0.8963178396224976, 0.9029703140258789, 0.7881873846054077, 0.5100896954536438, 0.9415448904037476, 0.8570038676261902, 0.7761806845664978, 0.8999009132385254]
 Testing Label Acc: [0.9785714149475098, 0.9718061685562134, 0.9079457521438599, 0.8841584324836731, 0.885947048664093, 0.020179372280836105, 0.9415448904037476, 0.0, 0.7987679839134216, 0.8889989852905273]
 Testing Label Acc: [0.9765306115150452, 0.983259916305542, 0.8846899271011353, 0.9158415794372559, 0.8940936923027039, 0.4237668216228485, 0.9645093679428101, 0.43871596455574036, 0.7484599351882935, 0.7680872082710266]
 Testing Label Acc: [0.9653061032295227, 0.9682819247245789, 0.8187984228134155, 0.8811880946159363, 0.8869653940200806, 0.219730943441391, 0.9405010342597961, 0.0, 0.9466118812561035, 0.7561942338943481]
 Testing Label Acc: [0.9571428298950195, 0.9841409921646118, 0.8624030947685242, 0.9603960514068604, 0.904276967048645, 0.17937219142913818, 0.9613778591156006, 0.3959144055843353, 0.7997946739196777, 0.8027750253677368]
 Testing Label Acc: [0.972449004650116, 0.9876651763916016, 0.8100775480270386, 0.89702969789505, 0.9521384835243225, 0.5852017998695374, 0.9665970802307129, 0.0, 0.8121150135993958, 0.496531218290329]
 Testing Label Acc: [0.9775510430335999, 0.992951512336731, 0.8468992114067078, 0.9039604067802429, 0.9287168979644775, 0.4125560522079468, 0.9519832730293274, 0.40758755803108215, 0.7628336548805237, 0.773042619228363]
 Testing Label Acc: [0.9581632614135742, 0.9867841601371765, 0.8895348906517029, 0.8772277235984802, 0.8727087378501892, 0.4159192740917206, 0.9613778591156006, 0.5457198619842529, 0.8572895526885986, 0.8820614218711853]
 Testing Label Acc: [0.9663265347480774, 0.9814978241920471, 0.8662790656089783, 0.9148514866828918, 0.9164969325065613, 0.48878923058509827, 0.9634655714035034, 0.5029183030128479, 0.8624230027198792, 0.8424182534217834]
 Testing Label Acc: [0.9714285731315613, 0.9850220084190369, 0.9166666865348816, 0.9039604067802429, 0.8462321758270264, 0.5089685916900635, 0.9405010342597961, 0.862840473651886, 0.8110883235931396, 0.8771060705184937]
 Testing Label Acc: [0.9785714149475098, 0.9920704960823059, 0.8691860437393188, 0.8811880946159363, 0.951120138168335, 0.3026905953884125, 0.9498956203460693, 0.17607003450393677, 0.8408623933792114, 0.5777997970581055]
 Testing Label Acc: [0.9673469662666321, 0.9964757561683655, 0.643410861492157, 0.8821782469749451, 0.8808553814888, 0.07511210441589355, 0.9488517642021179, 0.0, 0.8110883235931396, 0.8057482838630676]
 Testing Label Acc: [0.9775510430335999, 0.983259916305542, 0.8798449635505676, 0.9128713011741638, 0.8655804395675659, 0.3004484176635742, 0.9551148414611816, 0.7334630489349365, 0.8449692130088806, 0.8989098072052002]
 Testing Label Acc: [0.9806122183799744, 0.9911894202232361, 0.8478682041168213, 0.9049504995346069, 0.8431771993637085, 0.03363228589296341, 0.924843430519104, 0.0, 0.7956879138946533, 0.8671952486038208]
 Testing Label Acc: [0.9806122183799744, 0.9797356724739075, 0.8972868323326111, 0.8881188035011292, 0.9460285305976868, 0.3665919303894043, 0.9185803532600403, 0.3035019338130951, 0.8696098327636719, 0.7205153703689575]
 Testing Label Acc: [0.9734693765640259, 0.992951512336731, 0.9195736646652222, 0.8237623572349548, 0.6364561915397644, 0.14798206090927124, 0.9279749393463135, 0.02626459114253521, 0.8377823233604431, 0.8989098072052002]
 Testing Label Acc: [0.9795918464660645, 0.9806167483329773, 0.8343023061752319, 0.9178217649459839, 0.8930753469467163, 0.2690582871437073, 0.942588746547699, 0.3219844400882721, 0.9168378114700317, 0.8790882229804993]
 Testing Label Acc: [0.9693877696990967, 0.9894273281097412, 0.8992248177528381, 0.89207923412323, 0.9114053249359131, 0.5908071994781494, 0.9530271291732788, 0.8657587766647339, 0.8336755633354187, 0.871159553527832]
 Testing Label Acc: [0.9704081416130066, 0.9911894202232361, 0.8798449635505676, 0.9108911156654358, 0.9541751742362976, 0.3991031348705292, 0.9603340029716492, 0.23638132214546204, 0.8305954933166504, 0.7066402435302734]
 Testing Label Acc: [0.9602040648460388, 0.9859030842781067, 0.893410861492157, 0.9118812084197998, 0.9317718744277954, 0.5952914953231812, 0.962421715259552, 0.26070037484169006, 0.9055441617965698, 0.7670961618423462]
 Testing Label Acc: [0.9612244963645935, 0.9903083443641663, 0.8662790656089783, 0.8891088962554932, 0.9032586812973022, 0.4663677215576172, 0.9697285890579224, 0.49805447459220886, 0.8552361130714417, 0.8800792694091797]
 Testing Label Acc: [0.9775510430335999, 0.9903083443641663, 0.9108527302742004, 0.8841584324836731, 0.9073320031166077, 0.5504484176635742, 0.9331941604614258, 0.2840466797351837, 0.8634496927261353, 0.8681862950325012]
 Testing Label Acc: [0.9744898080825806, 0.9797356724739075, 0.9031007885932922, 0.9019802212715149, 0.823828935623169, 0.5033632516860962, 0.9488517642021179, 0.8599221706390381, 0.8275154232978821, 0.9147670865058899]
 Testing Label Acc: [0.9632652997970581, 0.9709250926971436, 0.9089147448539734, 0.89207923412323, 0.8564154505729675, 0.3531390130519867, 0.9603340029716492, 0.3346303403377533, 0.9322382211685181, 0.8513379693031311]
 Testing Label Acc: [0.9755101799964905, 0.9903083443641663, 0.8866279125213623, 0.9524752497673035, 0.8981670141220093, 0.409192830324173, 0.9457202553749084, 0.1186770424246788, 0.8552361130714417, 0.8562933802604675]
 Testing Label Acc: [0.9755101799964905, 0.9911894202232361, 0.893410861492157, 0.9198019504547119, 0.9266802668571472, 0.4170403480529785, 0.942588746547699, 0.5398832559585571, 0.8203285336494446, 0.8602576851844788]
 Testing Label Acc: [0.9775510430335999, 0.9920704960823059, 0.8604651093482971, 0.9287128448486328, 0.9358451962471008, 0.4674887955188751, 0.9436325430870056, 0.6138132214546204, 0.861396312713623, 0.8424182534217834]
 Testing Label Acc: [0.9581632614135742, 0.992951512336731, 0.8817829489707947, 0.9415841698646545, 0.9164969325065613, 0.48878923058509827, 0.9592902064323425, 0.19941633939743042, 0.8603696227073669, 0.8334985375404358]
 Testing Label Acc: [0.9438775777816772, 0.9841409921646118, 0.8352712988853455, 0.8762376308441162, 0.9164969325065613, 0.4271300435066223, 0.9509394764900208, 0.0, 0.907597541809082, 0.6650148630142212]
 Testing Label Acc: [0.9744898080825806, 0.9911894202232361, 0.9050387740135193, 0.905940592288971, 0.9002036452293396, 0.5280268788337708, 0.9572024941444397, 0.6157587766647339, 0.8963038921356201, 0.8969276547431946]
 Testing Label Acc: [0.9642857313156128, 0.9859030842781067, 0.9234496355056763, 0.9108911156654358, 0.9368635416030884, 0.4260089695453644, 0.9613778591156006, 0.3336575925350189, 0.8880903720855713, 0.8225966095924377]
 Testing Label Acc: [0.9765306115150452, 0.9903083443641663, 0.8837209343910217, 0.8980197906494141, 0.9338085651397705, 0.5482062697410583, 0.9478079080581665, 0.8122568130493164, 0.8665297627449036, 0.830525279045105]
 Testing Label Acc: [0.9755101799964905, 0.9797356724739075, 0.9098837375640869, 0.8999999761581421, 0.8289205431938171, 0.6838564872741699, 0.9467641115188599, 0.8599221706390381, 0.849075973033905, 0.9197224974632263]
 Testing Label Acc: [0.9755101799964905, 0.9920704960823059, 0.8478682041168213, 0.9247524738311768, 0.8900203704833984, 0.34865471720695496, 0.9436325430870056, 0.24221789836883545, 0.8798767924308777, 0.8979187607765198]
 Testing Label Acc: [0.9704081416130066, 0.9903083443641663, 0.8856589198112488, 0.908910870552063, 0.8431771993637085, 0.554932713508606, 0.9582463502883911, 0.688715934753418, 0.8860369324684143, 0.9226957559585571]
 Testing Label Acc: [0.9806122183799744, 0.992951512336731, 0.8624030947685242, 0.8861386179924011, 0.9052953124046326, 0.19170403480529785, 0.9415448904037476, 0.0, 0.9065708518028259, 0.7750247716903687]
 Testing Label Acc: [0.9785714149475098, 0.9823788404464722, 0.8866279125213623, 0.8900989890098572, 0.904276967048645, 0.5874439477920532, 0.9572024941444397, 0.5019454956054688, 0.9014373421669006, 0.9276511669158936]
 Testing Label Acc: [0.9632652997970581, 0.9894273281097412, 0.9195736646652222, 0.9237623810768127, 0.8574337959289551, 0.5874439477920532, 0.9561586380004883, 0.6352140307426453, 0.8788501024246216, 0.9197224974632263]
 Testing Label Acc: [0.9867346882820129, 0.9920704960823059, 0.8827519416809082, 0.9356435537338257, 0.9562118053436279, 0.1804932802915573, 0.905010461807251, 0.0, 0.7659137845039368, 0.7740337252616882]
 Testing Label Acc: [0.9775510430335999, 0.9903083443641663, 0.9360465407371521, 0.9227722883224487, 0.9521384835243225, 0.4798206388950348, 0.9551148414611816, 0.5768482685089111, 0.8501026630401611, 0.8553022742271423]
 Testing Label Acc: [0.9693877696990967, 0.9850220084190369, 0.9244186282157898, 0.9148514866828918, 0.8828920722007751, 0.5672645568847656, 0.9665970802307129, 0.7490272521972656, 0.870636522769928, 0.9127849340438843]
 Testing Label Acc: [0.9734693765640259, 0.9920704960823059, 0.8943798542022705, 0.89207923412323, 0.8940936923027039, 0.6558296084403992, 0.9457202553749084, 0.8852140307426453, 0.8644763827323914, 0.894945502281189]
 Testing Label Acc: [0.9806122183799744, 0.9876651763916016, 0.9050387740135193, 0.908910870552063, 0.951120138168335, 0.7051569223403931, 0.9551148414611816, 0.6702334880828857, 0.8665297627449036, 0.8186323046684265]
 Testing Label Acc: [0.9602040648460388, 0.9894273281097412, 0.876937985420227, 0.9217821955680847, 0.8686354160308838, 0.2937219738960266, 0.9592902064323425, 0.0437743179500103, 0.9322382211685181, 0.8216055631637573]
 Testing Label Acc: [0.9734693765640259, 0.9859030842781067, 0.895348846912384, 0.9386138319969177, 0.932790219783783, 0.5717488527297974, 0.9582463502883911, 0.26361867785453796, 0.8870636820793152, 0.8364717364311218]
 Testing Label Acc: [0.968367338180542, 0.9850220084190369, 0.9186046719551086, 0.906930685043335, 0.8808553814888, 0.5403587222099304, 0.9603340029716492, 0.057392995804548264, 0.895277202129364, 0.9108027815818787]
 Testing Label Acc: [0.9795918464660645, 0.9894273281097412, 0.8943798542022705, 0.9128713011741638, 0.909368634223938, 0.7174887657165527, 0.944676399230957, 0.8715953230857849, 0.8778234124183655, 0.901883065700531]
 Testing Label Acc: [0.9693877696990967, 0.9920704960823059, 0.9040697813034058, 0.9178217649459839, 0.8818737268447876, 0.5526905655860901, 0.9592902064323425, 0.7577821016311646, 0.8542094230651855, 0.9306243658065796]
 Testing Label Acc: [0.9377551078796387, 0.9867841601371765, 0.8556201457977295, 0.894059419631958, 0.8167006373405457, 0.4338565170764923, 0.9592902064323425, 0.021400777623057365, 0.9127309918403625, 0.8810703754425049]
 Testing Label Acc: [0.9755101799964905, 0.992951512336731, 0.8866279125213623, 0.9326732754707336, 0.9114053249359131, 0.48542600870132446, 0.9561586380004883, 0.24124513566493988, 0.8788501024246216, 0.9098116755485535]
 Testing Label Acc: [0.9459183812141418, 0.9867841601371765, 0.9127907156944275, 0.905940592288971, 0.885947048664093, 0.615470826625824, 0.9759916663169861, 0.4902723729610443, 0.8891170620918274, 0.8919722437858582]
 Testing Label Acc: [0.9765306115150452, 0.9903083443641663, 0.9050387740135193, 0.8871287107467651, 0.8920570015907288, 0.7365471124649048, 0.9352818131446838, 0.8852140307426453, 0.8685831427574158, 0.9098116755485535]
 Testing Label Acc: [0.9765306115150452, 0.9938325881958008, 0.911821722984314, 0.9465346336364746, 0.9164969325065613, 0.6042600870132446, 0.9613778591156006, 0.7178988456726074, 0.8285421133041382, 0.8899900913238525]
 Testing Label Acc: [0.9734693765640259, 0.976211428642273, 0.8972868323326111, 0.9514851570129395, 0.9134419560432434, 0.2690582871437073, 0.907098114490509, 0.0, 0.8162217736244202, 0.908820629119873]
 Testing Label Acc: [0.9714285731315613, 0.9779735803604126, 0.9021317958831787, 0.894059419631958, 0.92769855260849, 0.5874439477920532, 0.9457202553749084, 0.2568093240261078, 0.9373716711997986, 0.8662041425704956]
 Testing Label Acc: [0.9806122183799744, 0.9911894202232361, 0.9011628031730652, 0.907920777797699, 0.8350305557250977, 0.18609865009784698, 0.931106448173523, 0.004863813053816557, 0.9137576818466187, 0.9256689548492432]
 Testing Label Acc: [0.981632649898529, 0.9903083443641663, 0.8837209343910217, 0.9118812084197998, 0.9175152778625488, 0.7051569223403931, 0.9498956203460693, 0.7081711888313293, 0.8963038921356201, 0.9167492389678955]
 Testing Label Acc: [0.9693877696990967, 0.9876651763916016, 0.9215116500854492, 0.9306930899620056, 0.8951120376586914, 0.6558296084403992, 0.9603340029716492, 0.6955252885818481, 0.8911704421043396, 0.9187313914299011]
 Testing Label Acc: [0.9755101799964905, 0.992951512336731, 0.8895348906517029, 0.9237623810768127, 0.867617130279541, 0.31838566064834595, 0.9321503043174744, 0.3647859990596771, 0.8696098327636719, 0.9296333193778992]
 Testing Label Acc: [0.9734693765640259, 0.9938325881958008, 0.8972868323326111, 0.909900963306427, 0.9338085651397705, 0.6535874605178833, 0.9603340029716492, 0.5233463048934937, 0.8624230027198792, 0.8741328120231628]
 Testing Label Acc: [0.9673469662666321, 0.9876651763916016, 0.9031007885932922, 0.908910870552063, 0.9215885996818542, 0.634529173374176, 0.9582463502883911, 0.7597275972366333, 0.9250513315200806, 0.8315163254737854]
 Testing Label Acc: [0.9755101799964905, 0.9903083443641663, 0.9031007885932922, 0.895049512386322, 0.8940936923027039, 0.7993273735046387, 0.944676399230957, 0.8881322741508484, 0.8747433423995972, 0.9078295230865479]
 Testing Label Acc: [0.9806122183799744, 0.9911894202232361, 0.9186046719551086, 0.9198019504547119, 0.8981670141220093, 0.75, 0.9530271291732788, 0.862840473651886, 0.8583162426948547, 0.9117938280105591]
 Testing Label Acc: [0.9653061032295227, 0.9920704960823059, 0.8914728760719299, 0.8782178163528442, 0.909368634223938, 0.26457399129867554, 0.9478079080581665, 0.38326847553253174, 0.9260780215263367, 0.8721506595611572]
 Testing Label Acc: [0.9775510430335999, 0.9841409921646118, 0.8827519416809082, 0.9435643553733826, 0.8951120376586914, 0.6221973299980164, 0.9519832730293274, 0.7509727478027344, 0.9229979515075684, 0.9137760400772095]
 Testing Label Acc: [0.9663265347480774, 0.9876651763916016, 0.8527131676673889, 0.9049504995346069, 0.8696537613868713, 0.3508968651294708, 0.9196242094039917, 0.0, 0.9589322209358215, 0.8017839193344116]
 Testing Label Acc: [0.9795918464660645, 0.9894273281097412, 0.8992248177528381, 0.9148514866828918, 0.8961303234100342, 0.810538113117218, 0.944676399230957, 0.8861867785453796, 0.872689962387085, 0.9117938280105591]
 Testing Label Acc: [0.9765306115150452, 0.9911894202232361, 0.9127907156944275, 0.9247524738311768, 0.9063136577606201, 0.7488788962364197, 0.9405010342597961, 0.8764591217041016, 0.8921971321105957, 0.9068384766578674]
 Testing Label Acc: [0.9704081416130066, 0.9894273281097412, 0.8594961166381836, 0.9227722883224487, 0.9378818869590759, 0.3464125692844391, 0.942588746547699, 0.01264591421931982, 0.9383983612060547, 0.8166501522064209]
 Testing Label Acc: [0.972449004650116, 0.9911894202232361, 0.9089147448539734, 0.9257425665855408, 0.9154785871505737, 0.6311659216880798, 0.9634655714035034, 0.7597275972366333, 0.8973305821418762, 0.9127849340438843]
 Testing Label Acc: [0.9479591846466064, 0.9920704960823059, 0.8313953280448914, 0.8871287107467651, 0.914460301399231, 0.37892377376556396, 0.9749478101730347, 0.0, 0.8295688033103943, 0.8186323046684265]
 Testing Label Acc: [0.9755101799964905, 0.9911894202232361, 0.9079457521438599, 0.9049504995346069, 0.8930753469467163, 0.7343049049377441, 0.9498956203460693, 0.8891050815582275, 0.8685831427574158, 0.9236868023872375]
 Testing Label Acc: [0.9693877696990967, 0.9903083443641663, 0.895348846912384, 0.9297029972076416, 0.958248496055603, 0.6491031646728516, 0.9655532240867615, 0.08657587319612503, 0.9250513315200806, 0.8225966095924377]
 Testing Label Acc: [0.9744898080825806, 0.9911894202232361, 0.9079457521438599, 0.9306930899620056, 0.8839103579521179, 0.5571748614311218, 0.942588746547699, 0.7178988456726074, 0.9127309918403625, 0.9127849340438843]
 Testing Label Acc: [0.9520407915115356, 0.9947136640548706, 0.8304263353347778, 0.9247524738311768, 0.8054989576339722, 0.18273542821407318, 0.9415448904037476, 0.0, 0.8778234124183655, 0.8523290157318115]
 Testing Label Acc: [0.9897959232330322, 0.9903083443641663, 0.8827519416809082, 0.9237623810768127, 0.9164969325065613, 0.23766815662384033, 0.9363256692886353, 0.34533074498176575, 0.9045174717903137, 0.904856264591217]
 Testing Label Acc: [0.9826530814170837, 0.9920704960823059, 0.9069767594337463, 0.9366336464881897, 0.8961303234100342, 0.7926008701324463, 0.9457202553749084, 0.8900778293609619, 0.8470225930213928, 0.9147670865058899]
 Testing Label Acc: [0.9734693765640259, 0.9911894202232361, 0.9098837375640869, 0.9316831827163696, 0.8981670141220093, 0.7432735562324524, 0.9530271291732788, 0.9027237296104431, 0.8850102424621582, 0.9058473706245422]
 Testing Label Acc: [0.9622448682785034, 0.9894273281097412, 0.9127907156944275, 0.9386138319969177, 0.8492871522903442, 0.32511210441589355, 0.9645093679428101, 0.0, 0.8234086036682129, 0.9474727511405945]
 Testing Label Acc: [0.9744898080825806, 0.9920704960823059, 0.9089147448539734, 0.9198019504547119, 0.9114053249359131, 0.7174887657165527, 0.9509394764900208, 0.8803501725196838, 0.8850102424621582, 0.9147670865058899]
 Testing Label Acc: [0.9653061032295227, 0.9920704960823059, 0.9156976938247681, 0.9415841698646545, 0.8482688665390015, 0.634529173374176, 0.9498956203460693, 0.19747081398963928, 0.8819301724433899, 0.9008919596672058]
 Testing Label Acc: [0.9744898080825806, 0.9876651763916016, 0.9011628031730652, 0.909900963306427, 0.9185336232185364, 0.7668161392211914, 0.9488517642021179, 0.6624513864517212, 0.9240246415138245, 0.9236868023872375]
 Testing Label Acc: [0.9806122183799744, 0.9894273281097412, 0.9292635917663574, 0.9049504995346069, 0.9297352433204651, 0.7533632516860962, 0.9613778591156006, 0.7470816969871521, 0.9137576818466187, 0.894945502281189]
 Testing Label Acc: [0.949999988079071, 0.983259916305542, 0.8992248177528381, 0.9217821955680847, 0.891038715839386, 0.5515695214271545, 0.9613778591156006, 0.0, 0.9281314015388489, 0.8850346803665161]
 Testing Label Acc: [0.9806122183799744, 0.9788545966148376, 0.8914728760719299, 0.9405940771102905, 0.9796333909034729, 0.4293721914291382, 0.9405010342597961, 0.14202333986759186, 0.8809034824371338, 0.6917740106582642]
 Testing Label Acc: [0.9653061032295227, 0.9911894202232361, 0.8866279125213623, 0.9118812084197998, 0.8665987849235535, 0.5515695214271545, 0.9551148414611816, 0.0, 0.9373716711997986, 0.9117938280105591]
 Testing Label Acc: [0.9806122183799744, 0.9894273281097412, 0.9040697813034058, 0.9297029972076416, 0.9175152778625488, 0.7813901305198669, 0.9405010342597961, 0.905642032623291, 0.895277202129364, 0.9058473706245422]
 Testing Label Acc: [0.9734693765640259, 0.9885462522506714, 0.9331395626068115, 0.9297029972076416, 0.9002036452293396, 0.8228699564933777, 0.962421715259552, 0.6663424372673035, 0.8921971321105957, 0.9217046499252319]
 Testing Label Acc: [0.9704081416130066, 0.9718061685562134, 0.8827519416809082, 0.9039604067802429, 0.9460285305976868, 0.31838566064834595, 0.9363256692886353, 0.08365758508443832, 0.9609856009483337, 0.7601585984230042]
 Testing Label Acc: [0.9806122183799744, 0.9920704960823059, 0.911821722984314, 0.9217821955680847, 0.9205702543258667, 0.7589685916900635, 0.9457202553749084, 0.8920233249664307, 0.882956862449646, 0.9157581925392151]
 Testing Label Acc: [0.9775510430335999, 0.9911894202232361, 0.9108527302742004, 0.9108911156654358, 0.8024439811706543, 0.6401345133781433, 0.9572024941444397, 0.6264591217041016, 0.9127309918403625, 0.9246779084205627]
 Testing Label Acc: [0.9693877696990967, 0.9885462522506714, 0.8905038833618164, 0.9207921028137207, 0.9460285305976868, 0.8026905655860901, 0.9645093679428101, 0.5019454956054688, 0.918891191482544, 0.9068384766578674]
 Testing Label Acc: [0.9795918464660645, 0.9920704960823059, 0.9292635917663574, 0.9306930899620056, 0.9022403359413147, 0.7970852255821228, 0.9613778591156006, 0.8715953230857849, 0.872689962387085, 0.9098116755485535]
 Testing Label Acc: [0.9826530814170837, 0.9867841601371765, 0.8759689927101135, 0.905940592288971, 0.9256619215011597, 0.3329596519470215, 0.8987473845481873, 0.011673151515424252, 0.9445585012435913, 0.9098116755485535]
 Testing Label Acc: [0.9551020264625549, 0.9938325881958008, 0.8304263353347778, 0.9306930899620056, 0.7698574066162109, 0.2230941653251648, 0.9363256692886353, 0.0, 0.9332649111747742, 0.8364717364311218]
 Testing Label Acc: [0.9887754917144775, 0.9903083443641663, 0.9166666865348816, 0.9247524738311768, 0.9185336232185364, 0.432735413312912, 0.9269310832023621, 0.5233463048934937, 0.9178645014762878, 0.9147670865058899]
 Testing Label Acc: [0.9806122183799744, 0.9867841601371765, 0.9098837375640869, 0.9217821955680847, 0.9012219905853271, 0.7791479825973511, 0.9457202553749084, 0.8998054265975952, 0.8942505121231079, 0.9207136034965515]
 Testing Label Acc: [0.9785714149475098, 0.9903083443641663, 0.9350775480270386, 0.9306930899620056, 0.9022403359413147, 0.7926008701324463, 0.9519832730293274, 0.887159526348114, 0.8870636820793152, 0.9167492389678955]
 Testing Label Acc: [0.9693877696990967, 0.9894273281097412, 0.9060077667236328, 0.9188118577003479, 0.9348269104957581, 0.5134528875350952, 0.968684732913971, 0.49805447459220886, 0.8911704421043396, 0.8840436339378357]
 Testing Label Acc: [0.9775510430335999, 0.9903083443641663, 0.9215116500854492, 0.9376237392425537, 0.9368635416030884, 0.8206278085708618, 0.9415448904037476, 0.8959143757820129, 0.8911704421043396, 0.9078295230865479]
 Testing Label Acc: [0.9765306115150452, 0.9911894202232361, 0.8943798542022705, 0.9346534609794617, 0.8757637739181519, 0.6771300435066223, 0.9530271291732788, 0.6254863739013672, 0.9168378114700317, 0.9187313914299011]
 Testing Label Acc: [0.9673469662666321, 0.9911894202232361, 0.9021317958831787, 0.907920777797699, 0.8360489010810852, 0.7746636867523193, 0.968684732913971, 0.3161478638648987, 0.9127309918403625, 0.9474727511405945]
 Testing Label Acc: [0.981632649898529, 0.9920704960823059, 0.9166666865348816, 0.9178217649459839, 0.9124236106872559, 0.7634528875350952, 0.9613778591156006, 0.6322957277297974, 0.8901437520980835, 0.9217046499252319]
 Testing Label Acc: [0.9714285731315613, 0.9885462522506714, 0.9021317958831787, 0.9336633682250977, 0.9185336232185364, 0.5190582871437073, 0.9488517642021179, 0.6595330834388733, 0.9312114715576172, 0.9117938280105591]
 Testing Label Acc: [0.972449004650116, 0.9744493365287781, 0.8885658979415894, 0.9277227520942688, 0.9470468163490295, 0.4943946301937103, 0.9394571781158447, 0.0038910505827516317, 0.9332649111747742, 0.8959365487098694]
 Testing Label Acc: [0.9785714149475098, 0.9911894202232361, 0.8246123790740967, 0.9158415794372559, 0.9317718744277954, 0.634529173374176, 0.9540709853172302, 0.0, 0.9024640917778015, 0.8444004058837891]
 Testing Label Acc: [0.9826530814170837, 0.9850220084190369, 0.9166666865348816, 0.9287128448486328, 0.9205702543258667, 0.8127802610397339, 0.9436325430870056, 0.9095330834388733, 0.9004106521606445, 0.9108027815818787]
 Testing Label Acc: [0.9765306115150452, 0.9903083443641663, 0.9292635917663574, 0.9366336464881897, 0.9073320031166077, 0.7679372429847717, 0.962421715259552, 0.6361867785453796, 0.9014373421669006, 0.9326065182685852]
 Testing Label Acc: [0.9642857313156128, 0.9894273281097412, 0.9108527302742004, 0.9336633682250977, 0.932790219783783, 0.6502242088317871, 0.9592902064323425, 0.7626459002494812, 0.9086242318153381, 0.9296333193778992]
 Testing Label Acc: [0.9806122183799744, 0.9938325881958008, 0.9312015771865845, 0.9267326593399048, 0.9317718744277954, 0.8441703915596008, 0.9498956203460693, 0.8900778293609619, 0.8757700324058533, 0.9147670865058899]
 Testing Label Acc: [0.9714285731315613, 0.9850220084190369, 0.9031007885932922, 0.89207923412323, 0.8584521412849426, 0.7309417128562927, 0.9634655714035034, 0.2782101035118103, 0.9404517412185669, 0.935579776763916]
 Testing Label Acc: [0.9734693765640259, 0.9797356724739075, 0.893410861492157, 0.9366336464881897, 0.9114053249359131, 0.6827354431152344, 0.9300626516342163, 0.3132295608520508, 0.966119110584259, 0.9207136034965515]
 Testing Label Acc: [0.9826530814170837, 0.9903083443641663, 0.9186046719551086, 0.9277227520942688, 0.9226069450378418, 0.8273542523384094, 0.9530271291732788, 0.8715953230857849, 0.9137576818466187, 0.9068384766578674]
 Testing Label Acc: [0.9775510430335999, 0.9876651763916016, 0.8846899271011353, 0.9435643553733826, 0.914460301399231, 0.5672645568847656, 0.9436325430870056, 0.006809338461607695, 0.9548254609107971, 0.908820629119873]
 Testing Label Acc: [0.9693877696990967, 0.9947136640548706, 0.8468992114067078, 0.896039605140686, 0.8360489010810852, 0.060538116842508316, 0.931106448173523, 0.0, 0.953798770904541, 0.9028741121292114]
 Testing Label Acc: [0.968367338180542, 0.983259916305542, 0.9467054009437561, 0.9564356207847595, 0.8991853594779968, 0.6423766613006592, 0.9488517642021179, 0.7052529454231262, 0.9004106521606445, 0.9345887303352356]
 Testing Label Acc: [0.9846938848495483, 0.9885462522506714, 0.913759708404541, 0.9346534609794617, 0.9389002323150635, 0.8643497824668884, 0.9415448904037476, 0.9202334880828857, 0.8942505121231079, 0.9008919596672058]
 Testing Label Acc: [0.9734693765640259, 0.983259916305542, 0.8914728760719299, 0.9198019504547119, 0.8391038775444031, 0.8284753561019897, 0.9582463502883911, 0.12937742471694946, 0.9517453908920288, 0.9474727511405945]
 Testing Label Acc: [0.9663265347480774, 0.9903083443641663, 0.9176356792449951, 0.9356435537338257, 0.9012219905853271, 0.7062780261039734, 0.9540709853172302, 0.9007782340049744, 0.8901437520980835, 0.9385530352592468]
 Testing Label Acc: [0.9806122183799744, 0.9903083443641663, 0.9176356792449951, 0.9415841698646545, 0.932790219783783, 0.7982062697410583, 0.9613778591156006, 0.6867704391479492, 0.9168378114700317, 0.9177403450012207]
 Testing Label Acc: [0.9775510430335999, 0.9911894202232361, 0.8701550364494324, 0.9217821955680847, 0.818737268447876, 0.6020179390907288, 0.9551148414611816, 0.08365758508443832, 0.9363449811935425, 0.9375619292259216]
 Testing Label Acc: [0.9785714149475098, 0.9911894202232361, 0.9108527302742004, 0.9445544481277466, 0.8961303234100342, 0.689461886882782, 0.9509394764900208, 0.844357967376709, 0.9086242318153381, 0.935579776763916]
 Testing Label Acc: [0.9775510430335999, 0.9903083443641663, 0.9060077667236328, 0.9247524738311768, 0.9266802668571472, 0.8452914953231812, 0.9697285890579224, 0.7101167440414429, 0.918891191482544, 0.9226957559585571]
 Testing Label Acc: [0.9561224579811096, 0.9903083443641663, 0.9244186282157898, 0.9277227520942688, 0.8228105902671814, 0.6065022349357605, 0.9749478101730347, 0.32003891468048096, 0.9086242318153381, 0.9454905986785889]
 Testing Label Acc: [0.981632649898529, 0.9726872444152832, 0.9215116500854492, 0.9623762369155884, 0.9399185180664062, 0.5403587222099304, 0.9060542583465576, 0.11478599160909653, 0.8203285336494446, 0.908820629119873]
 Testing Label Acc: [0.9785714149475098, 0.9867841601371765, 0.8972868323326111, 0.9207921028137207, 0.9307535886764526, 0.43161433935165405, 0.931106448173523, 0.010700388811528683, 0.9548254609107971, 0.9207136034965515]
 Testing Label Acc: [0.9846938848495483, 0.9903083443641663, 0.911821722984314, 0.9405940771102905, 0.9368635416030884, 0.8878923654556274, 0.9498956203460693, 0.9143968820571899, 0.8891170620918274, 0.9008919596672058]
 Testing Label Acc: [0.9714285731315613, 0.9894273281097412, 0.9253876209259033, 0.9326732754707336, 0.8828920722007751, 0.6278026700019836, 0.9676409363746643, 0.4377431869506836, 0.941478431224823, 0.901883065700531]
 Testing Label Acc: [0.972449004650116, 0.9894273281097412, 0.9147287011146545, 0.9247524738311768, 0.8991853594779968, 0.7578475475311279, 0.9488517642021179, 0.7772373557090759, 0.9199178814888, 0.9504460096359253]
 Testing Label Acc: [0.981632649898529, 0.9894273281097412, 0.9273256063461304, 0.9267326593399048, 0.9164969325065613, 0.8363228440284729, 0.9665970802307129, 0.38618677854537964, 0.9178645014762878, 0.9147670865058899]
 Testing Label Acc: [0.9775510430335999, 0.992951512336731, 0.895348846912384, 0.905940592288971, 0.9032586812973022, 0.7309417128562927, 0.9603340029716492, 0.443579763174057, 0.9137576818466187, 0.9207136034965515]
 Testing Label Acc: [0.9775510430335999, 0.9903083443641663, 0.9195736646652222, 0.9366336464881897, 0.9185336232185364, 0.7757847309112549, 0.9467641115188599, 0.9046692848205566, 0.9096509218215942, 0.9207136034965515]
 Testing Label Acc: [0.9795918464660645, 0.992951512336731, 0.9050387740135193, 0.9564356207847595, 0.9389002323150635, 0.7141255736351013, 0.9634655714035034, 0.7295719981193542, 0.8963038921356201, 0.9256689548492432]
 Testing Label Acc: [0.9846938848495483, 0.983259916305542, 0.7461240291595459, 0.9534653425216675, 0.9246435761451721, 0.17937219142913818, 0.8736951947212219, 0.0, 0.9650924205780029, 0.8899900913238525]
 Testing Label Acc: [0.9734693765640259, 0.9911894202232361, 0.9108527302742004, 0.8752475380897522, 0.932790219783783, 0.35201793909072876, 0.9498956203460693, 0.0077821011655032635, 0.9404517412185669, 0.8919722437858582]
 Testing Label Acc: [0.9714285731315613, 0.9894273281097412, 0.9060077667236328, 0.9534653425216675, 0.8879836797714233, 0.43834081292152405, 0.9718163013458252, 0.5311284065246582, 0.8860369324684143, 0.9524281620979309]
 Testing Label Acc: [0.9836734533309937, 0.9903083443641663, 0.9205426573753357, 0.9366336464881897, 0.9419552087783813, 0.8733183741569519, 0.9498956203460693, 0.924124538898468, 0.8963038921356201, 0.901883065700531]
 Testing Label Acc: [0.9734693765640259, 0.9903083443641663, 0.9166666865348816, 0.9415841698646545, 0.8920570015907288, 0.8452914953231812, 0.9645093679428101, 0.4377431869506836, 0.9106776118278503, 0.9246779084205627]
 Testing Label Acc: [0.968367338180542, 0.9885462522506714, 0.911821722984314, 0.9495049715042114, 0.909368634223938, 0.7993273735046387, 0.9530271291732788, 0.7383268475532532, 0.9260780215263367, 0.9365708827972412]
 Testing Label Acc: [0.9857142567634583, 0.9938325881958008, 0.9205426573753357, 0.9287128448486328, 0.9429734945297241, 0.7982062697410583, 0.9572024941444397, 0.6459143757820129, 0.9271047115325928, 0.8691774010658264]
 Testing Label Acc: [0.9673469662666321, 0.9859030842781067, 0.9021317958831787, 0.9524752497673035, 0.8971486687660217, 0.7017937302589417, 0.9634655714035034, 0.038910504430532455, 0.9209445714950562, 0.9236868023872375]
 Testing Label Acc: [0.981632649898529, 0.9920704960823059, 0.9166666865348816, 0.9396039843559265, 0.9246435761451721, 0.8273542523384094, 0.9478079080581665, 0.9270427823066711, 0.8983572721481323, 0.9157581925392151]
 Testing Label Acc: [0.9775510430335999, 0.9903083443641663, 0.9331395626068115, 0.9306930899620056, 0.9368635416030884, 0.7858744263648987, 0.9613778591156006, 0.7470816969871521, 0.9322382211685181, 0.9217046499252319]
