 Testing Label Acc: [0.9653061032295227, 0.0, 0.5416666865348816, 0.0, 0.976578414440155, 0.0, 0.15970772504806519, 0.0, 0.4527720808982849, 0.0]
 Testing Label Acc: [0.9285714030265808, 0.0, 0.7199612259864807, 0.0, 0.8207739591598511, 0.0, 0.5334029197692871, 0.0, 0.7946611642837524, 0.0]
 Testing Label Acc: [0.8714285492897034, 0.0, 0.3139534890651703, 0.0, 0.7688391208648682, 0.0, 0.9112734794616699, 0.0, 0.7956879138946533, 0.0]
 Testing Label Acc: [0.8744897842407227, 0.0, 0.7063953280448914, 0.0, 0.2505091726779938, 0.0, 0.9144049882888794, 0.0, 0.8285421133041382, 0.0]
 Testing Label Acc: [0.8724489808082581, 0.0, 0.7054263353347778, 0.0, 0.9653767943382263, 0.0, 0.0073068891651928425, 0.0, 0.7433264851570129, 0.0]
 Testing Label Acc: [0.9632652997970581, 0.0, 0.9234496355056763, 0.0, 0.44704684615135193, 0.0, 0.46868476271629333, 0.0, 0.5420944690704346, 0.0]
 Testing Label Acc: [0.9285714030265808, 0.0, 0.751937985420227, 0.0, 0.4063136577606201, 0.0, 0.8486430048942566, 0.0, 0.8408623933792114, 0.0]
 Testing Label Acc: [0.7530612349510193, 0.0, 0.24709302186965942, 0.0, 0.6384928822517395, 0.0, 0.7933194041252136, 0.0, 0.9199178814888, 0.0]
 Testing Label Acc: [0.7867347002029419, 0.0, 0.7286821603775024, 0.0, 0.7179226279258728, 0.0, 0.7682672142982483, 0.0, 0.7412731051445007, 0.0]
 Testing Label Acc: [0.668367326259613, 0.0, 0.15697674453258514, 0.0, 0.914460301399231, 0.0, 0.9519832730293274, 0.0, 0.2761806845664978, 0.0]
 Testing Label Acc: [0.9826530814170837, 0.0, 0.819767415523529, 0.0, 0.9694501161575317, 0.0, 0.8194154500961304, 0.0, 0.6006160378456116, 0.0]
 Testing Label Acc: [0.9591836929321289, 0.0, 0.805232584476471, 0.0, 0.9409368634223938, 0.0, 0.9457202553749084, 0.0, 0.42813143134117126, 0.0]
 Testing Label Acc: [0.9571428298950195, 0.0, 0.8468992114067078, 0.0, 0.9103869795799255, 0.0, 0.7870563864707947, 0.0, 0.9106776118278503, 0.0]
 Testing Label Acc: [0.9795918464660645, 0.0, 0.8013566136360168, 0.0, 0.7800407409667969, 0.0, 0.7557411193847656, 0.0, 0.9383983612060547, 0.0]
 Testing Label Acc: [0.9795918464660645, 0.0, 0.7189922332763672, 0.0, 0.9714867472648621, 0.0, 0.7442588806152344, 0.0, 0.8162217736244202, 0.0]
 Testing Label Acc: [0.9275510311126709, 0.0, 0.7286821603775024, 0.0, 0.8665987849235535, 0.0, 0.9791231751441956, 0.0, 0.46817249059677124, 0.0]
 Testing Label Acc: [0.9561224579811096, 0.0, 0.8653100728988647, 0.0, 0.9653767943382263, 0.0, 0.8726513385772705, 0.0, 0.7854209542274475, 0.0]
 Testing Label Acc: [0.9561224579811096, 0.0, 0.7277131676673889, 0.0, 0.9501018524169922, 0.0, 0.8141962289810181, 0.0, 0.9014373421669006, 0.0]
 Testing Label Acc: [0.9530612230300903, 0.0, 0.9011628031730652, 0.0, 0.9002036452293396, 0.0, 0.9196242094039917, 0.0, 0.6899384260177612, 0.0]
 Testing Label Acc: [0.968367338180542, 0.0, 0.7073643207550049, 0.0, 0.8716904520988464, 0.0, 0.9592902064323425, 0.0, 0.7515400648117065, 0.0]
 Testing Label Acc: [0.9765306115150452, 0.0, 0.8439922332763672, 0.0, 0.8574337959289551, 0.0, 0.9665970802307129, 0.0, 0.6478439569473267, 0.0]
 Testing Label Acc: [0.9551020264625549, 0.0, 0.8255813717842102, 0.0, 0.8757637739181519, 0.0, 0.980167031288147, 0.0, 0.8172484636306763, 0.0]
 Testing Label Acc: [0.9795918464660645, 0.0, 0.895348846912384, 0.0, 0.8991853594779968, 0.0, 0.9300626516342163, 0.0, 0.8521560430526733, 0.0]
 Testing Label Acc: [0.981632649898529, 0.0, 0.8856589198112488, 0.0, 0.9623218178749084, 0.0, 0.9029227495193481, 0.0, 0.8357289433479309, 0.0]
 Testing Label Acc: [0.9867346882820129, 0.0, 0.7994186282157898, 0.0, 0.9786150455474854, 0.0, 0.867432177066803, 0.0, 0.8008213639259338, 0.0]
 Testing Label Acc: [0.9857142567634583, 0.0, 0.8624030947685242, 0.0, 0.9409368634223938, 0.0, 0.9018788933753967, 0.0, 0.8572895526885986, 0.0]
 Testing Label Acc: [0.981632649898529, 0.0, 0.895348846912384, 0.0, 0.92769855260849, 0.0, 0.9394571781158447, 0.0, 0.8439425230026245, 0.0]
 Testing Label Acc: [0.9826530814170837, 0.0, 0.8914728760719299, 0.0, 0.9714867472648621, 0.0, 0.924843430519104, 0.0, 0.7104722857475281, 0.0]
 Testing Label Acc: [0.9857142567634583, 0.0, 0.8943798542022705, 0.0, 0.8574337959289551, 0.0, 0.8736951947212219, 0.0, 0.9014373421669006, 0.0]
 Testing Label Acc: [0.9795918464660645, 0.0, 0.9244186282157898, 0.0, 0.9287168979644775, 0.0, 0.9144049882888794, 0.0, 0.7792607545852661, 0.0]
 Testing Label Acc: [0.9806122183799744, 0.0, 0.9370155334472656, 0.0, 0.8788187503814697, 0.0, 0.9185803532600403, 0.0, 0.8675564527511597, 0.0]
 Testing Label Acc: [0.9785714149475098, 0.0, 0.8352712988853455, 0.0, 0.9297352433204651, 0.0, 0.9676409363746643, 0.0, 0.7936344742774963, 0.0]
 Testing Label Acc: [0.9785714149475098, 0.0, 0.8963178396224976, 0.0, 0.9450101852416992, 0.0, 0.9582463502883911, 0.0, 0.767967164516449, 0.0]
 Testing Label Acc: [0.9846938848495483, 0.0, 0.8875969052314758, 0.0, 0.9694501161575317, 0.0, 0.9185803532600403, 0.0, 0.8624230027198792, 0.0]
 Testing Label Acc: [0.981632649898529, 0.0, 0.9021317958831787, 0.0, 0.9551934599876404, 0.0, 0.9206680655479431, 0.0, 0.8562628626823425, 0.0]
 Testing Label Acc: [0.9877551198005676, 0.0, 0.9224806427955627, 0.0, 0.9368635416030884, 0.0, 0.9478079080581665, 0.0, 0.6991786360740662, 0.0]
 Testing Label Acc: [0.9775510430335999, 0.0, 0.8284883499145508, 0.0, 0.9246435761451721, 0.0, 0.942588746547699, 0.0, 0.941478431224823, 0.0]
 Testing Label Acc: [0.9836734533309937, 0.0, 0.9253876209259033, 0.0, 0.9236252307891846, 0.0, 0.9498956203460693, 0.0, 0.6817248463630676, 0.0]
 Testing Label Acc: [0.9857142567634583, 0.0, 0.9098837375640869, 0.0, 0.904276967048645, 0.0, 0.9488517642021179, 0.0, 0.7967146039009094, 0.0]
 Testing Label Acc: [0.9867346882820129, 0.0, 0.8895348906517029, 0.0, 0.9256619215011597, 0.0, 0.9363256692886353, 0.0, 0.8644763827323914, 0.0]
 Testing Label Acc: [0.9795918464660645, 0.0, 0.9379844665527344, 0.0, 0.92769855260849, 0.0, 0.9457202553749084, 0.0, 0.8069815039634705, 0.0]
 Testing Label Acc: [0.981632649898529, 0.0, 0.8788759708404541, 0.0, 0.9501018524169922, 0.0, 0.9665970802307129, 0.0, 0.7289527654647827, 0.0]
 Testing Label Acc: [0.9795918464660645, 0.0, 0.9089147448539734, 0.0, 0.9501018524169922, 0.0, 0.9540709853172302, 0.0, 0.8880903720855713, 0.0]
 Testing Label Acc: [0.981632649898529, 0.0, 0.8905038833618164, 0.0, 0.9501018524169922, 0.0, 0.9540709853172302, 0.0, 0.8778234124183655, 0.0]
 Testing Label Acc: [0.9857142567634583, 0.0, 0.9108527302742004, 0.0, 0.9490835070610046, 0.0, 0.9154488444328308, 0.0, 0.8901437520980835, 0.0]
 Testing Label Acc: [0.9846938848495483, 0.0, 0.9282945990562439, 0.0, 0.9205702543258667, 0.0, 0.9572024941444397, 0.0, 0.8377823233604431, 0.0]
 Testing Label Acc: [0.9775510430335999, 0.0, 0.873062014579773, 0.0, 0.9215885996818542, 0.0, 0.9530271291732788, 0.0, 0.9394250512123108, 0.0]
 Testing Label Acc: [0.981632649898529, 0.0, 0.9021317958831787, 0.0, 0.9368635416030884, 0.0, 0.9707724452018738, 0.0, 0.6868582963943481, 0.0]
 Testing Label Acc: [0.9867346882820129, 0.0, 0.9156976938247681, 0.0, 0.8574337959289551, 0.0, 0.9498956203460693, 0.0, 0.8470225930213928, 0.0]
 Testing Label Acc: [0.9785714149475098, 0.0, 0.8827519416809082, 0.0, 0.9348269104957581, 0.0, 0.9561586380004883, 0.0, 0.9065708518028259, 0.0]
 Testing Label Acc: [0.9836734533309937, 0.11541850119829178, 0.930232584476471, 0.0, 0.9297352433204651, 0.0, 0.9488517642021179, 0.0009727626456879079, 0.8921971321105957, 0.0]
 Testing Label Acc: [0.9785714149475098, 0.0, 0.9069767594337463, 0.0, 0.9236252307891846, 0.0, 0.9759916663169861, 0.0, 0.8039014339447021, 0.0]
 Testing Label Acc: [0.9714285731315613, 0.0, 0.8963178396224976, 0.0, 0.9419552087783813, 0.0, 0.9780793190002441, 0.0, 0.8891170620918274, 0.0]
 Testing Label Acc: [0.9887754917144775, 0.0, 0.9089147448539734, 0.0, 0.9602851271629333, 0.0, 0.9488517642021179, 0.0, 0.8911704421043396, 0.0]
 Testing Label Acc: [0.9846938848495483, 0.0, 0.9176356792449951, 0.0, 0.958248496055603, 0.0, 0.944676399230957, 0.0, 0.8593429327011108, 0.0]
 Testing Label Acc: [0.9826530814170837, 0.0, 0.9263566136360168, 0.0, 0.9378818869590759, 0.0, 0.9739039540290833, 0.0, 0.8151950836181641, 0.0]
 Testing Label Acc: [0.9785714149475098, 0.0, 0.895348846912384, 0.0, 0.9470468163490295, 0.0, 0.9655532240867615, 0.0, 0.8993839621543884, 0.0]
 Testing Label Acc: [0.9806122183799744, 0.11718061566352844, 0.9069767594337463, 0.0, 0.8900203704833984, 0.0, 0.9770354628562927, 0.005836575757712126, 0.7648870348930359, 0.0]
 Testing Label Acc: [0.9867346882820129, 0.0, 0.9147287011146545, 0.0, 0.9399185180664062, 0.0, 0.9561586380004883, 0.0, 0.8439425230026245, 0.0]
 Testing Label Acc: [0.9785714149475098, 0.0, 0.8895348906517029, 0.0, 0.9389002323150635, 0.0, 0.9572024941444397, 0.0, 0.918891191482544, 0.0]
 Testing Label Acc: [0.9806122183799744, 0.08722466975450516, 0.9050387740135193, 0.0, 0.932790219783783, 0.0, 0.9718163013458252, 0.0, 0.9127309918403625, 0.0]
 Testing Label Acc: [0.9765306115150452, 0.0, 0.9282945990562439, 0.0, 0.9450101852416992, 0.0, 0.9759916663169861, 0.0, 0.8305954933166504, 0.0]
 Testing Label Acc: [0.972449004650116, 0.2405286282300949, 0.8943798542022705, 0.0, 0.9338085651397705, 0.0, 0.9812108278274536, 0.005836575757712126, 0.8624230027198792, 0.0]
 Testing Label Acc: [0.9795918464660645, 0.0044052861630916595, 0.9031007885932922, 0.0, 0.958248496055603, 0.0, 0.9665970802307129, 0.0, 0.9055441617965698, 0.0]
 Testing Label Acc: [0.9806122183799744, 0.05991189554333687, 0.9050387740135193, 0.0, 0.9358451962471008, 0.0, 0.9770354628562927, 0.0, 0.8162217736244202, 0.0]
 Testing Label Acc: [0.9806122183799744, 0.0, 0.930232584476471, 0.0, 0.9348269104957581, 0.0, 0.9739039540290833, 0.0009727626456879079, 0.8449692130088806, 0.0]
 Testing Label Acc: [0.9775510430335999, 0.2713656425476074, 0.9215116500854492, 0.0, 0.9368635416030884, 0.0, 0.9739039540290833, 0.0, 0.8860369324684143, 0.0]
 Testing Label Acc: [0.9826530814170837, 0.2017621099948883, 0.9360465407371521, 0.0, 0.9124236106872559, 0.0, 0.9749478101730347, 0.01361867692321539, 0.8470225930213928, 0.0]
 Testing Label Acc: [0.9836734533309937, 0.18149779736995697, 0.9031007885932922, 0.0, 0.9256619215011597, 0.0, 0.962421715259552, 0.01264591421931982, 0.8737166523933411, 0.0]
 Testing Label Acc: [0.9826530814170837, 0.01145374495536089, 0.9108527302742004, 0.0, 0.9399185180664062, 0.0, 0.9540709853172302, 0.0, 0.9086242318153381, 0.0]
 Testing Label Acc: [0.9867346882820129, 0.3788546323776245, 0.911821722984314, 0.0, 0.9480651617050171, 0.0, 0.9655532240867615, 0.011673151515424252, 0.895277202129364, 0.0]
 Testing Label Acc: [0.972449004650116, 0.0017621145816519856, 0.9205426573753357, 0.0, 0.9368635416030884, 0.0, 0.9832985401153564, 0.002918287878856063, 0.8234086036682129, 0.0]
 Testing Label Acc: [0.9755101799964905, 0.2731277644634247, 0.911821722984314, 0.0, 0.9389002323150635, 0.0, 0.9770354628562927, 0.01264591421931982, 0.907597541809082, 0.0]
 Testing Label Acc: [0.9744898080825806, 0.1022026464343071, 0.9186046719551086, 0.0, 0.9429734945297241, 0.0, 0.9707724452018738, 0.004863813053816557, 0.9312114715576172, 0.0]
 Testing Label Acc: [0.968367338180542, 0.09603524208068848, 0.9205426573753357, 0.0, 0.9297352433204651, 0.0, 0.9812108278274536, 0.002918287878856063, 0.8737166523933411, 0.0]
 Testing Label Acc: [0.9826530814170837, 0.07929515093564987, 0.9331395626068115, 0.0, 0.9562118053436279, 0.0, 0.9728600978851318, 0.010700388811528683, 0.8193018436431885, 0.0]
 Testing Label Acc: [0.9755101799964905, 0.508370041847229, 0.9127907156944275, 0.0, 0.914460301399231, 0.0, 0.9832985401153564, 0.02723735384643078, 0.8747433423995972, 0.0]
 Testing Label Acc: [0.9795918464660645, 0.5074889659881592, 0.9215116500854492, 0.0, 0.9164969325065613, 0.0, 0.980167031288147, 0.15369649231433868, 0.9024640917778015, 0.0]
 Testing Label Acc: [0.9867346882820129, 0.25550660490989685, 0.911821722984314, 0.0, 0.9399185180664062, 0.0, 0.9603340029716492, 0.04280155524611473, 0.8798767924308777, 0.0]
 Testing Label Acc: [0.9795918464660645, 0.20000000298023224, 0.9195736646652222, 0.0, 0.9470468163490295, 0.0, 0.9592902064323425, 0.0009727626456879079, 0.9229979515075684, 0.0]
 Testing Label Acc: [0.9806122183799744, 0.7303964495658875, 0.9205426573753357, 0.06534653156995773, 0.9490835070610046, 0.0, 0.9697285890579224, 0.3803502023220062, 0.9127309918403625, 0.0]
 Testing Label Acc: [0.9714285731315613, 0.0, 0.9234496355056763, 0.0, 0.9358451962471008, 0.0, 0.9832985401153564, 0.0019455252913758159, 0.8552361130714417, 0.0]
 Testing Label Acc: [0.981632649898529, 0.43259912729263306, 0.9011628031730652, 0.0, 0.9378818869590759, 0.0, 0.9791231751441956, 0.08560311049222946, 0.9127309918403625, 0.0]
 Testing Label Acc: [0.9795918464660645, 0.1903083771467209, 0.9011628031730652, 0.0, 0.9592667818069458, 0.0, 0.9665970802307129, 0.01361867692321539, 0.9373716711997986, 0.0]
 Testing Label Acc: [0.9775510430335999, 0.34713655710220337, 0.9253876209259033, 0.0, 0.9419552087783813, 0.0, 0.9791231751441956, 0.04961089417338371, 0.8757700324058533, 0.0]
 Testing Label Acc: [0.9704081416130066, 0.34977972507476807, 0.934108555316925, 0.0, 0.9429734945297241, 0.0, 0.980167031288147, 0.06322956830263138, 0.8603696227073669, 0.0]
 Testing Label Acc: [0.9744898080825806, 0.5339207053184509, 0.9205426573753357, 0.0, 0.9164969325065613, 0.0, 0.982254683971405, 0.05252918228507042, 0.9004106521606445, 0.0]
 Testing Label Acc: [0.981632649898529, 0.23083700239658356, 0.9224806427955627, 0.0, 0.9409368634223938, 0.0, 0.9770354628562927, 0.024319065734744072, 0.9004106521606445, 0.0]
 Testing Label Acc: [0.981632649898529, 0.26079294085502625, 0.9031007885932922, 0.0, 0.9236252307891846, 0.0, 0.980167031288147, 0.06031128391623497, 0.907597541809082, 0.0]
 Testing Label Acc: [0.9826530814170837, 0.40704846382141113, 0.940891444683075, 0.0, 0.9490835070610046, 0.0, 0.9540709853172302, 0.03793774172663689, 0.9045174717903137, 0.0]
 Testing Label Acc: [0.9775510430335999, 0.5162995457649231, 0.9244186282157898, 0.0019801980815827847, 0.92769855260849, 0.0, 0.982254683971405, 0.11770427972078323, 0.907597541809082, 0.0]
 Testing Label Acc: [0.9806122183799744, 0.2572687268257141, 0.9244186282157898, 0.0, 0.9338085651397705, 0.0, 0.980167031288147, 0.03599221631884575, 0.8942505121231079, 0.0]
 Testing Label Acc: [0.9795918464660645, 0.6061673760414124, 0.911821722984314, 0.014851485379040241, 0.9602851271629333, 0.0, 0.9749478101730347, 0.26750972867012024, 0.9281314015388489, 0.0]
 Testing Label Acc: [0.9744898080825806, 0.09251101315021515, 0.9060077667236328, 0.0, 0.951120138168335, 0.0, 0.980167031288147, 0.006809338461607695, 0.9096509218215942, 0.0]
 Testing Label Acc: [0.9806122183799744, 0.4863436222076416, 0.9273256063461304, 0.0, 0.9460285305976868, 0.0, 0.9770354628562927, 0.11284046620130539, 0.9178645014762878, 0.0]
 Testing Label Acc: [0.972449004650116, 0.26079294085502625, 0.9331395626068115, 0.0, 0.9409368634223938, 0.0, 0.980167031288147, 0.055447470396757126, 0.8819301724433899, 0.0]
 Testing Label Acc: [0.9806122183799744, 0.6237885355949402, 0.9205426573753357, 0.005940594244748354, 0.9205702543258667, 0.0, 0.9780793190002441, 0.1809338480234146, 0.9168378114700317, 0.0]
 Testing Label Acc: [0.9846938848495483, 0.2431718111038208, 0.9399224519729614, 0.0, 0.9460285305976868, 0.0, 0.9718163013458252, 0.05836575850844383, 0.8993839621543884, 0.0]
 Testing Label Acc: [0.9775510430335999, 0.47136563062667847, 0.9021317958831787, 0.0019801980815827847, 0.9409368634223938, 0.0, 0.982254683971405, 0.2033073902130127, 0.8788501024246216, 0.0]
 Testing Label Acc: [0.981632649898529, 0.6299559473991394, 0.9273256063461304, 0.01683168299496174, 0.9399185180664062, 0.0, 0.9780793190002441, 0.27334630489349365, 0.9024640917778015, 0.0]
 Testing Label Acc: [0.9826530814170837, 0.7550660967826843, 0.9176356792449951, 0.1524752527475357, 0.9470468163490295, 0.0, 0.9749478101730347, 0.4367704391479492, 0.907597541809082, 0.0]
 Testing Label Acc: [0.9673469662666321, 0.05991189554333687, 0.9108527302742004, 0.0, 0.932790219783783, 0.0, 0.9853861927986145, 0.015564202331006527, 0.9065708518028259, 0.0]
 Testing Label Acc: [0.9785714149475098, 0.5700440406799316, 0.9147287011146545, 0.013861386105418205, 0.9409368634223938, 0.0, 0.980167031288147, 0.29571983218193054, 0.9086242318153381, 0.0]
 Testing Label Acc: [0.9826530814170837, 0.6687224507331848, 0.9253876209259033, 0.039603959769010544, 0.9623218178749084, 0.0, 0.9739039540290833, 0.28307393193244934, 0.9127309918403625, 0.0]
 Testing Label Acc: [0.981632649898529, 0.608810544013977, 0.9273256063461304, 0.015841584652662277, 0.9541751742362976, 0.0, 0.9770354628562927, 0.2558365762233734, 0.9024640917778015, 0.0]
 Testing Label Acc: [0.9653061032295227, 0.007048458326607943, 0.9273256063461304, 0.0, 0.9439918398857117, 0.0, 0.9843423962593079, 0.009727626107633114, 0.8870636820793152, 0.0]
 Testing Label Acc: [0.9714285731315613, 0.575330376625061, 0.9186046719551086, 0.005940594244748354, 0.9409368634223938, 0.0, 0.9843423962593079, 0.17412450909614563, 0.9240246415138245, 0.0]
 Testing Label Acc: [0.9795918464660645, 0.09603524208068848, 0.9292635917663574, 0.0, 0.9389002323150635, 0.0, 0.980167031288147, 0.056420233100652695, 0.9004106521606445, 0.0]
 Testing Label Acc: [0.981632649898529, 0.5559471249580383, 0.913759708404541, 0.004950494971126318, 0.9450101852416992, 0.0, 0.980167031288147, 0.2665369510650635, 0.9199178814888, 0.0]
 Testing Label Acc: [0.9836734533309937, 0.6352422833442688, 0.9399224519729614, 0.024752475321292877, 0.9439918398857117, 0.0, 0.9697285890579224, 0.26361867785453796, 0.9240246415138245, 0.0]
 Testing Label Acc: [0.9826530814170837, 0.724229097366333, 0.9253876209259033, 0.14653465151786804, 0.9429734945297241, 0.0, 0.9770354628562927, 0.4212062358856201, 0.9137576818466187, 0.0]
 Testing Label Acc: [0.9734693765640259, 0.015859030187129974, 0.9263566136360168, 0.0, 0.9338085651397705, 0.0, 0.9843423962593079, 0.023346303030848503, 0.8942505121231079, 0.0]
 Testing Label Acc: [0.9775510430335999, 0.6651982665061951, 0.9040697813034058, 0.0712871253490448, 0.9551934599876404, 0.0, 0.980167031288147, 0.3998054563999176, 0.929158091545105, 0.0]
 Testing Label Acc: [0.9826530814170837, 0.6546255350112915, 0.9292635917663574, 0.041584160178899765, 0.9663951396942139, 0.0, 0.9655532240867615, 0.28891050815582275, 0.9260780215263367, 0.0]
 Testing Label Acc: [0.9785714149475098, 0.7647576928138733, 0.9263566136360168, 0.20693069696426392, 0.9490835070610046, 0.0, 0.9780793190002441, 0.4805447459220886, 0.9332649111747742, 0.0]
 Testing Label Acc: [0.9571428298950195, 0.0414096899330616, 0.9224806427955627, 0.0, 0.9460285305976868, 0.0, 0.9853861927986145, 0.02723735384643078, 0.9168378114700317, 0.0]
 Testing Label Acc: [0.9806122183799744, 0.6986784338951111, 0.9312015771865845, 0.11386138945817947, 0.9450101852416992, 0.0, 0.9791231751441956, 0.42315176129341125, 0.9137576818466187, 0.0]
 Testing Label Acc: [0.9755101799964905, 0.1797356754541397, 0.9263566136360168, 0.0009900990407913923, 0.9419552087783813, 0.0, 0.980167031288147, 0.09533073753118515, 0.9250513315200806, 0.0]
 Testing Label Acc: [0.9744898080825806, 0.474889874458313, 0.9253876209259033, 0.004950494971126318, 0.9399185180664062, 0.0, 0.9832985401153564, 0.24124513566493988, 0.9250513315200806, 0.0]
 Testing Label Acc: [0.9846938848495483, 0.6607929468154907, 0.944767415523529, 0.05445544421672821, 0.951120138168335, 0.0, 0.9697285890579224, 0.3151750862598419, 0.9065708518028259, 0.0]
 Testing Label Acc: [0.981632649898529, 0.7418501973152161, 0.9224806427955627, 0.2227722704410553, 0.9541751742362976, 0.0, 0.9791231751441956, 0.49221789836883545, 0.9209445714950562, 0.0]
 Testing Label Acc: [0.9714285731315613, 0.0, 0.9156976938247681, 0.0, 0.9338085651397705, 0.0, 0.9843423962593079, 0.011673151515424252, 0.9045174717903137, 0.0]
 Testing Label Acc: [0.9775510430335999, 0.7515418529510498, 0.9098837375640869, 0.2059405893087387, 0.9399185180664062, 0.0, 0.980167031288147, 0.5321011543273926, 0.9260780215263367, 0.0]
 Testing Label Acc: [0.9836734533309937, 0.4775330424308777, 0.9176356792449951, 0.0019801980815827847, 0.9572301506996155, 0.0, 0.9759916663169861, 0.15369649231433868, 0.9260780215263367, 0.0]
 Testing Label Acc: [0.981632649898529, 0.783259928226471, 0.9312015771865845, 0.25445544719696045, 0.9551934599876404, 0.0, 0.9791231751441956, 0.5107004046440125, 0.9147843718528748, 0.0]
 Testing Label Acc: [0.9622448682785034, 0.10396476089954376, 0.9282945990562439, 0.0, 0.9429734945297241, 0.0, 0.9853861927986145, 0.057392995804548264, 0.9127309918403625, 0.0]
 Testing Label Acc: [0.9806122183799744, 0.5947136282920837, 0.9244186282157898, 0.030693069100379944, 0.9409368634223938, 0.0, 0.980167031288147, 0.2597276270389557, 0.9312114715576172, 0.0]
 Testing Label Acc: [0.9704081416130066, 0.4176211357116699, 0.9263566136360168, 0.002970297122374177, 0.9460285305976868, 0.0, 0.982254683971405, 0.18385213613510132, 0.9024640917778015, 0.0]
 Testing Label Acc: [0.9775510430335999, 0.774449348449707, 0.9437984228134155, 0.2138613909482956, 0.9551934599876404, 0.0, 0.9791231751441956, 0.5223735570907593, 0.9127309918403625, 0.0]
 Testing Label Acc: [0.9806122183799744, 0.5638766288757324, 0.940891444683075, 0.03465346619486809, 0.9470468163490295, 0.0, 0.9770354628562927, 0.287937730550766, 0.9312114715576172, 0.0]
 Testing Label Acc: [0.9846938848495483, 0.7612335085868835, 0.934108555316925, 0.26336634159088135, 0.9521384835243225, 0.0, 0.9780793190002441, 0.5554474592208862, 0.9178645014762878, 0.004955401178449392]
 Testing Label Acc: [0.9755101799964905, 0.36916300654411316, 0.930232584476471, 0.0, 0.9450101852416992, 0.0, 0.980167031288147, 0.17607003450393677, 0.9209445714950562, 0.0]
 Testing Label Acc: [0.9785714149475098, 0.7207048535346985, 0.934108555316925, 0.15841583907604218, 0.9613034725189209, 0.0, 0.980167031288147, 0.4747081696987152, 0.9209445714950562, 0.0]
 Testing Label Acc: [0.9806122183799744, 0.5647577047348022, 0.9350775480270386, 0.050495050847530365, 0.9562118053436279, 0.0, 0.9770354628562927, 0.29474708437919617, 0.9373716711997986, 0.0]
 Testing Label Acc: [0.9785714149475098, 0.7629956007003784, 0.9292635917663574, 0.21287128329277039, 0.9460285305976868, 0.0, 0.980167031288147, 0.4776264727115631, 0.9322382211685181, 0.005946481600403786]
 Testing Label Acc: [0.9612244963645935, 0.13480176031589508, 0.932170569896698, 0.0, 0.9409368634223938, 0.0, 0.9864300489425659, 0.09338521212339401, 0.907597541809082, 0.0]
 Testing Label Acc: [0.9826530814170837, 0.6317180395126343, 0.9282945990562439, 0.049504950642585754, 0.9653767943382263, 0.0, 0.9759916663169861, 0.2976653575897217, 0.918891191482544, 0.0]
 Testing Label Acc: [0.968367338180542, 0.04052863270044327, 0.9292635917663574, 0.0, 0.9389002323150635, 0.0, 0.9843423962593079, 0.028210116550326347, 0.9106776118278503, 0.0]
 Testing Label Acc: [0.981632649898529, 0.8678414225578308, 0.9263566136360168, 0.448514848947525, 0.9602851271629333, 0.0022421525791287422, 0.9791231751441956, 0.6391050815582275, 0.9250513315200806, 0.023785926401615143]
 Testing Label Acc: [0.9806122183799744, 0.5894272923469543, 0.930232584476471, 0.040594059973955154, 0.9541751742362976, 0.0, 0.9791231751441956, 0.29571983218193054, 0.9260780215263367, 0.0]
 Testing Label Acc: [0.9826530814170837, 0.7929515242576599, 0.932170569896698, 0.3762376308441162, 0.9684317708015442, 0.0022421525791287422, 0.9739039540290833, 0.5982490181922913, 0.929158091545105, 0.015857284888625145]
 Testing Label Acc: [0.9693877696990967, 0.36299559473991394, 0.934108555316925, 0.0009900990407913923, 0.9501018524169922, 0.0, 0.980167031288147, 0.18190661072731018, 0.9137576818466187, 0.0]
 Testing Label Acc: [0.9744898080825806, 0.8114537596702576, 0.9292635917663574, 0.38019803166389465, 0.9562118053436279, 0.0022421525791287422, 0.982254683971405, 0.5933852195739746, 0.9281314015388489, 0.0336967296898365]
 Testing Label Acc: [0.981632649898529, 0.5806167125701904, 0.932170569896698, 0.049504950642585754, 0.9623218178749084, 0.0, 0.9780793190002441, 0.2714007794857025, 0.9250513315200806, 0.0]
 Testing Label Acc: [0.9826530814170837, 0.8088105916976929, 0.9263566136360168, 0.3465346395969391, 0.9450101852416992, 0.0, 0.980167031288147, 0.5953307151794434, 0.9363449811935425, 0.0842418223619461]
 Testing Label Acc: [0.9673469662666321, 0.01850220188498497, 0.9244186282157898, 0.0, 0.9399185180664062, 0.0, 0.9864300489425659, 0.032101165503263474, 0.929158091545105, 0.0]
 Testing Label Acc: [0.9806122183799744, 0.6977973580360413, 0.9186046719551086, 0.11287128925323486, 0.9623218178749084, 0.0, 0.9749478101730347, 0.38910505175590515, 0.9507187008857727, 0.0]
 Testing Label Acc: [0.9673469662666321, 0.34713655710220337, 0.9370155334472656, 0.010891089215874672, 0.9348269104957581, 0.0, 0.9864300489425659, 0.19844357669353485, 0.9086242318153381, 0.0]
 Testing Label Acc: [0.9775510430335999, 0.7726871967315674, 0.9292635917663574, 0.23564356565475464, 0.9501018524169922, 0.0, 0.9843423962593079, 0.4990272521972656, 0.9301847815513611, 0.002973240800201893]
 Testing Label Acc: [0.981632649898529, 0.525110125541687, 0.9418604373931885, 0.05544554442167282, 0.9460285305976868, 0.0, 0.9791231751441956, 0.31712061166763306, 0.9260780215263367, 0.0]
 Testing Label Acc: [0.9826530814170837, 0.8026431798934937, 0.934108555316925, 0.38811880350112915, 0.9663951396942139, 0.0033632286358624697, 0.9770354628562927, 0.5992217659950256, 0.9271047115325928, 0.062438055872917175]
 Testing Label Acc: [0.9673469662666321, 0.4308370053768158, 0.9253876209259033, 0.002970297122374177, 0.9450101852416992, 0.0, 0.9843423962593079, 0.19455252587795258, 0.929158091545105, 0.0]
 Testing Label Acc: [0.9775510430335999, 0.7471365928649902, 0.9389534592628479, 0.2762376368045807, 0.9541751742362976, 0.0022421525791287422, 0.982254683971405, 0.5194552540779114, 0.9229979515075684, 0.013875124044716358]
 Testing Label Acc: [0.9785714149475098, 0.6555066108703613, 0.9253876209259033, 0.10594059526920319, 0.9602851271629333, 0.0, 0.980167031288147, 0.362840473651886, 0.9353182911872864, 0.0009910803055390716]
 Testing Label Acc: [0.981632649898529, 0.783259928226471, 0.9253876209259033, 0.44158416986465454, 0.9592667818069458, 0.0022421525791287422, 0.9770354628562927, 0.6391050815582275, 0.941478431224823, 0.11199206858873367]
 Testing Label Acc: [0.968367338180542, 0.33039647340774536, 0.9205426573753357, 0.007920792326331139, 0.9460285305976868, 0.0, 0.9864300489425659, 0.17996108531951904, 0.9137576818466187, 0.0]
 Testing Label Acc: [0.9826530814170837, 0.6105726957321167, 0.934108555316925, 0.09009900689125061, 0.9684317708015442, 0.0, 0.9718163013458252, 0.33657586574554443, 0.9301847815513611, 0.0]
 Testing Label Acc: [0.9663265347480774, 0.0044052861630916595, 0.9350775480270386, 0.0009900990407913923, 0.9450101852416992, 0.0, 0.9843423962593079, 0.05836575850844383, 0.9240246415138245, 0.0]
 Testing Label Acc: [0.9765306115150452, 0.8484581708908081, 0.932170569896698, 0.38118812441825867, 0.9501018524169922, 0.0022421525791287422, 0.9843423962593079, 0.575875461101532, 0.9394250512123108, 0.057482656091451645]
 Testing Label Acc: [0.9826530814170837, 0.6317180395126343, 0.9350775480270386, 0.125742569565773, 0.9490835070610046, 0.0, 0.9780793190002441, 0.405642032623291, 0.9373716711997986, 0.0]
 Testing Label Acc: [0.9857142567634583, 0.8484581708908081, 0.9399224519729614, 0.5396039485931396, 0.9663951396942139, 0.03699551522731781, 0.9780793190002441, 0.6789883375167847, 0.9342916011810303, 0.2646184265613556]
 Testing Label Acc: [0.968367338180542, 0.4281938374042511, 0.9263566136360168, 0.003960396163165569, 0.9633401036262512, 0.0, 0.980167031288147, 0.20525291562080383, 0.9332649111747742, 0.0]
 Testing Label Acc: [0.9836734533309937, 0.7726871967315674, 0.930232584476471, 0.3118811845779419, 0.9613034725189209, 0.0022421525791287422, 0.9791231751441956, 0.5564202070236206, 0.9394250512123108, 0.02675916813313961]
 Testing Label Acc: [0.981632649898529, 0.6819383502006531, 0.9292635917663574, 0.14554455876350403, 0.9674134254455566, 0.0, 0.9749478101730347, 0.41147860884666443, 0.9435318112373352, 0.0009910803055390716]
 Testing Label Acc: [0.9765306115150452, 0.7356828451156616, 0.9389534592628479, 0.25544553995132446, 0.9531568288803101, 0.0, 0.9832985401153564, 0.5019454956054688, 0.9219712615013123, 0.023785926401615143]
 Testing Label Acc: [0.9622448682785034, 0.14185021817684174, 0.9263566136360168, 0.004950494971126318, 0.9429734945297241, 0.0, 0.9864300489425659, 0.1750972718000412, 0.9086242318153381, 0.0]
 Testing Label Acc: [0.9795918464660645, 0.6863436102867126, 0.934108555316925, 0.18316832184791565, 0.9643584489822388, 0.0, 0.980167031288147, 0.4503891170024872, 0.9363449811935425, 0.0009910803055390716]
 Testing Label Acc: [0.9663265347480774, 0.20616739988327026, 0.932170569896698, 0.0019801980815827847, 0.9378818869590759, 0.0, 0.9864300489425659, 0.11381322890520096, 0.9312114715576172, 0.0]
 Testing Label Acc: [0.9785714149475098, 0.8916299343109131, 0.9253876209259033, 0.5514851212501526, 0.9663951396942139, 0.03363228589296341, 0.9832985401153564, 0.6673151850700378, 0.9445585012435913, 0.14073340594768524]
 Testing Label Acc: [0.9826530814170837, 0.49515417218208313, 0.9292635917663574, 0.07227722555398941, 0.958248496055603, 0.0, 0.9791231751441956, 0.3249027132987976, 0.9394250512123108, 0.0009910803055390716]
 Testing Label Acc: [0.9806122183799744, 0.800000011920929, 0.9312015771865845, 0.3861386179924011, 0.9674134254455566, 0.005605380982160568, 0.982254683971405, 0.5933852195739746, 0.9373716711997986, 0.08721506595611572]
 Testing Label Acc: [0.9673469662666321, 0.15682819485664368, 0.9273256063461304, 0.0, 0.9551934599876404, 0.0, 0.982254683971405, 0.10505836457014084, 0.929158091545105, 0.0]
 Testing Label Acc: [0.9785714149475098, 0.7955946922302246, 0.9360465407371521, 0.4752475321292877, 0.9572301506996155, 0.011210761964321136, 0.982254683971405, 0.6235408782958984, 0.9435318112373352, 0.12289395183324814]
 Testing Label Acc: [0.9795918464660645, 0.7330396771430969, 0.9350775480270386, 0.24653466045856476, 0.9643584489822388, 0.0, 0.9780793190002441, 0.5019454956054688, 0.9394250512123108, 0.022794846445322037]
 Testing Label Acc: [0.9775510430335999, 0.8052863478660583, 0.932170569896698, 0.4168316721916199, 0.9521384835243225, 0.00784753356128931, 0.9853861927986145, 0.6050583720207214, 0.9271047115325928, 0.08820614218711853]
 Testing Label Acc: [0.9632652997970581, 0.3788546323776245, 0.930232584476471, 0.020792080089449883, 0.9409368634223938, 0.0, 0.9853861927986145, 0.2616731524467468, 0.9466118812561035, 0.0]
 Testing Label Acc: [0.981632649898529, 0.5480176210403442, 0.9292635917663574, 0.05247524753212929, 0.9663951396942139, 0.0, 0.9791231751441956, 0.27334630489349365, 0.9394250512123108, 0.0]
 Testing Label Acc: [0.9693877696990967, 0.37533038854599, 0.9244186282157898, 0.0534653477370739, 0.9480651617050171, 0.0, 0.9843423962593079, 0.26459142565727234, 0.9209445714950562, 0.0009910803055390716]
 Testing Label Acc: [0.9806122183799744, 0.850220263004303, 0.9331395626068115, 0.5099009871482849, 0.9714867472648621, 0.04372197389602661, 0.980167031288147, 0.6536964774131775, 0.9466118812561035, 0.13676907122135162]
 Testing Label Acc: [0.981632649898529, 0.6925110220909119, 0.9331395626068115, 0.21584159135818481, 0.958248496055603, 0.0022421525791287422, 0.9791231751441956, 0.49805447459220886, 0.9342916011810303, 0.01982160471379757]
 Testing Label Acc: [0.9806122183799744, 0.8132158517837524, 0.934108555316925, 0.4455445408821106, 0.9674134254455566, 0.020179372280836105, 0.9843423962593079, 0.5846303701400757, 0.9496920108795166, 0.10406342893838882]
 Testing Label Acc: [0.968367338180542, 0.0044052861630916595, 0.9108527302742004, 0.0, 0.9551934599876404, 0.0, 0.980167031288147, 0.029182879254221916, 0.9373716711997986, 0.0]
 Testing Label Acc: [0.9806122183799744, 0.7647576928138733, 0.932170569896698, 0.37920790910720825, 0.9653767943382263, 0.0033632286358624697, 0.9812108278274536, 0.5778210163116455, 0.9466118812561035, 0.09415262937545776]
 Testing Label Acc: [0.981632649898529, 0.8052863478660583, 0.934108555316925, 0.4396039545536041, 0.9613034725189209, 0.008968610316514969, 0.9780793190002441, 0.612840473651886, 0.9496920108795166, 0.1179385557770729]
 Testing Label Acc: [0.9765306115150452, 0.8801761865615845, 0.934108555316925, 0.5811881422996521, 0.9623218178749084, 0.06614349782466888, 0.9843423962593079, 0.6867704391479492, 0.9363449811935425, 0.24578790366649628]
 Testing Label Acc: [0.9612244963645935, 0.2678413987159729, 0.9292635917663574, 0.010891089215874672, 0.9470468163490295, 0.0, 0.9853861927986145, 0.2247081696987152, 0.9476386308670044, 0.0]
 Testing Label Acc: [0.9765306115150452, 0.43788546323776245, 0.9292635917663574, 0.029702970758080482, 0.9725050926208496, 0.0, 0.9791231751441956, 0.2315175086259842, 0.9281314015388489, 0.0]
 Testing Label Acc: [0.9653061032295227, 0.5894272923469543, 0.9486433863639832, 0.20198020339012146, 0.9572301506996155, 0.0, 0.9864300489425659, 0.4212062358856201, 0.9055441617965698, 0.001982160611078143]
 Testing Label Acc: [0.9826530814170837, 0.8273127675056458, 0.9331395626068115, 0.4722772240638733, 0.9663951396942139, 0.044843047857284546, 0.9843423962593079, 0.6429961323738098, 0.9383983612060547, 0.15460851788520813]
 Testing Label Acc: [0.9806122183799744, 0.6396476030349731, 0.9292635917663574, 0.14554455876350403, 0.9663951396942139, 0.0, 0.980167031288147, 0.42898833751678467, 0.9301847815513611, 0.004955401178449392]
 Testing Label Acc: [0.981632649898529, 0.8537445068359375, 0.9360465407371521, 0.6346534490585327, 0.9613034725189209, 0.07062780112028122, 0.9759916663169861, 0.6926069855690002, 0.9568788409233093, 0.37760159373283386]
 Testing Label Acc: [0.9663265347480774, 0.014096916653215885, 0.9224806427955627, 0.0, 0.9562118053436279, 0.0, 0.9832985401153564, 0.07587548345327377, 0.9322382211685181, 0.0]
 Testing Label Acc: [0.9806122183799744, 0.6493391990661621, 0.942829430103302, 0.249504953622818, 0.9714867472648621, 0.0033632286358624697, 0.982254683971405, 0.518482506275177, 0.9353182911872864, 0.0495540127158165]
 Testing Label Acc: [0.9795918464660645, 0.7277532815933228, 0.9399224519729614, 0.29207921028137207, 0.9592667818069458, 0.0022421525791287422, 0.982254683971405, 0.48929962515830994, 0.9435318112373352, 0.037661049515008926]
 Testing Label Acc: [0.9785714149475098, 0.8431718349456787, 0.9282945990562439, 0.5732673406600952, 0.9674134254455566, 0.07062780112028122, 0.9832985401153564, 0.6517509818077087, 0.9353182911872864, 0.19226957857608795]
 Testing Label Acc: [0.972449004650116, 0.3621145486831665, 0.930232584476471, 0.010891089215874672, 0.9551934599876404, 0.0, 0.9832985401153564, 0.2441634237766266, 0.9342916011810303, 0.0009910803055390716]
 Testing Label Acc: [0.9693877696990967, 0.4123347997665405, 0.9176356792449951, 0.02673267386853695, 0.9633401036262512, 0.0, 0.9853861927986145, 0.2062256783246994, 0.9425051212310791, 0.0]
 Testing Label Acc: [0.9714285731315613, 0.7700440287590027, 0.9350775480270386, 0.34356436133384705, 0.9633401036262512, 0.0022421525791287422, 0.9853861927986145, 0.5350194573402405, 0.9178645014762878, 0.022794846445322037]
 Testing Label Acc: [0.981632649898529, 0.8881057500839233, 0.9312015771865845, 0.5861386060714722, 0.9735234379768372, 0.09417040646076202, 0.9832985401153564, 0.6916342377662659, 0.9496920108795166, 0.2824578881263733]
 Testing Label Acc: [0.9765306115150452, 0.6052863597869873, 0.9253876209259033, 0.12970297038555145, 0.9623218178749084, 0.0, 0.9832985401153564, 0.39883267879486084, 0.9466118812561035, 0.005946481600403786]
