 Testing Label Acc: [0.6370000243186951, 0.9850000143051147, 0.3880000114440918, 0.5509999990463257, 0.4620000123977661, 0.9150000214576721, 0.2329999953508377, 0.9200000166893005, 0.9670000076293945, 0.9409999847412109]
 Testing Label Acc: [0.6970000267028809, 0.9819999933242798, 0.47699999809265137, 0.6919999718666077, 0.6389999985694885, 0.9169999957084656, 0.257999986410141, 0.9089999794960022, 0.9660000205039978, 0.9470000267028809]
 Testing Label Acc: [0.7059999704360962, 0.9829999804496765, 0.5070000290870667, 0.699999988079071, 0.6700000166893005, 0.9160000085830688, 0.28700000047683716, 0.9229999780654907, 0.9649999737739563, 0.9399999976158142]
 Testing Label Acc: [0.6980000138282776, 0.9860000014305115, 0.4779999852180481, 0.703000009059906, 0.6489999890327454, 0.9229999780654907, 0.27799999713897705, 0.906000018119812, 0.9649999737739563, 0.9480000138282776]
 Testing Label Acc: [0.703000009059906, 0.984000027179718, 0.527999997138977, 0.722000002861023, 0.6629999876022339, 0.9150000214576721, 0.3059999942779541, 0.9190000295639038, 0.9670000076293945, 0.9509999752044678]
 Testing Label Acc: [0.6309999823570251, 0.984000027179718, 0.37599998712539673, 0.5350000262260437, 0.42500001192092896, 0.9210000038146973, 0.20399999618530273, 0.9120000004768372, 0.968999981880188, 0.9490000009536743]
 Testing Label Acc: [0.6460000276565552, 0.9860000014305115, 0.3959999978542328, 0.5389999747276306, 0.40799999237060547, 0.9200000166893005, 0.20200000703334808, 0.921999990940094, 0.9679999947547913, 0.9459999799728394]
 Testing Label Acc: [0.628000020980835, 0.9860000014305115, 0.41100001335144043, 0.5529999732971191, 0.4429999887943268, 0.9229999780654907, 0.20900000631809235, 0.9150000214576721, 0.9700000286102295, 0.9509999752044678]
 Testing Label Acc: [0.7289999723434448, 0.9819999933242798, 0.550000011920929, 0.7559999823570251, 0.6759999990463257, 0.9269999861717224, 0.30799999833106995, 0.9079999923706055, 0.9670000076293945, 0.9570000171661377]
 Testing Label Acc: [0.5809999704360962, 0.9829999804496765, 0.29600000381469727, 0.45100000500679016, 0.2329999953508377, 0.9129999876022339, 0.1889999955892563, 0.9290000200271606, 0.972000002861023, 0.9470000267028809]
 Testing Label Acc: [0.7590000033378601, 0.9800000190734863, 0.5830000042915344, 0.7889999747276306, 0.7350000143051147, 0.9319999814033508, 0.3499999940395355, 0.9279999732971191, 0.9649999737739563, 0.9470000267028809]
 Testing Label Acc: [0.48500001430511475, 0.9869999885559082, 0.2240000069141388, 0.34599998593330383, 0.1770000010728836, 0.9139999747276306, 0.15600000321865082, 0.9300000071525574, 0.9700000286102295, 0.9480000138282776]
 Testing Label Acc: [0.7480000257492065, 0.9810000061988831, 0.5759999752044678, 0.7739999890327454, 0.7419999837875366, 0.9279999732971191, 0.328000009059906, 0.9259999990463257, 0.968999981880188, 0.9490000009536743]
 Testing Label Acc: [0.6340000033378601, 0.9879999756813049, 0.414000004529953, 0.531000018119812, 0.49000000953674316, 0.9160000085830688, 0.23999999463558197, 0.9300000071525574, 0.9710000157356262, 0.9490000009536743]
 Testing Label Acc: [0.6669999957084656, 0.9879999756813049, 0.4869999885559082, 0.6100000143051147, 0.5440000295639038, 0.9279999732971191, 0.27900001406669617, 0.9259999990463257, 0.9679999947547913, 0.9470000267028809]
 Testing Label Acc: [0.7409999966621399, 0.9829999804496765, 0.5630000233650208, 0.7590000033378601, 0.7089999914169312, 0.9319999814033508, 0.3490000069141388, 0.9369999766349792, 0.9679999947547913, 0.9409999847412109]
 Testing Label Acc: [0.4300000071525574, 0.9850000143051147, 0.19699999690055847, 0.289000004529953, 0.10700000077486038, 0.9190000295639038, 0.14100000262260437, 0.9300000071525574, 0.972000002861023, 0.9470000267028809]
 Testing Label Acc: [0.7580000162124634, 0.9800000190734863, 0.6039999723434448, 0.7839999794960022, 0.746999979019165, 0.9309999942779541, 0.35600000619888306, 0.9290000200271606, 0.968999981880188, 0.949999988079071]
 Testing Label Acc: [0.6909999847412109, 0.9879999756813049, 0.46399998664855957, 0.6269999742507935, 0.5130000114440918, 0.921999990940094, 0.2590000033378601, 0.9449999928474426, 0.9750000238418579, 0.9359999895095825]
 Testing Label Acc: [0.6980000138282776, 0.9879999756813049, 0.5149999856948853, 0.656000018119812, 0.5320000052452087, 0.9210000038146973, 0.28200000524520874, 0.9300000071525574, 0.9729999899864197, 0.9520000219345093]
 Testing Label Acc: [0.6700000166893005, 0.9869999885559082, 0.4650000035762787, 0.6039999723434448, 0.4729999899864197, 0.9330000281333923, 0.2549999952316284, 0.9100000262260437, 0.9670000076293945, 0.9580000042915344]
 Testing Label Acc: [0.7390000224113464, 0.9860000014305115, 0.5600000023841858, 0.7480000257492065, 0.6859999895095825, 0.9290000200271606, 0.3269999921321869, 0.9319999814033508, 0.9670000076293945, 0.9509999752044678]
 Testing Label Acc: [0.7200000286102295, 0.9860000014305115, 0.4699999988079071, 0.7089999914169312, 0.5820000171661377, 0.9290000200271606, 0.3160000145435333, 0.9350000023841858, 0.9670000076293945, 0.9480000138282776]
 Testing Label Acc: [0.7210000157356262, 0.9869999885559082, 0.5249999761581421, 0.7139999866485596, 0.5950000286102295, 0.9309999942779541, 0.3070000112056732, 0.9330000281333923, 0.9739999771118164, 0.949999988079071]
 Testing Label Acc: [0.6449999809265137, 0.9860000014305115, 0.421999990940094, 0.6050000190734863, 0.4099999964237213, 0.9350000023841858, 0.24199999868869781, 0.921999990940094, 0.9750000238418579, 0.9549999833106995]
 Testing Label Acc: [0.7649999856948853, 0.9810000061988831, 0.6010000109672546, 0.7850000262260437, 0.753000020980835, 0.9300000071525574, 0.37400001287460327, 0.9409999847412109, 0.968999981880188, 0.9440000057220459]
 Testing Label Acc: [0.6179999709129333, 0.9860000014305115, 0.4189999997615814, 0.5809999704360962, 0.492000013589859, 0.9210000038146973, 0.25999999046325684, 0.9330000281333923, 0.9700000286102295, 0.953000009059906]
 Testing Label Acc: [0.7059999704360962, 0.9869999885559082, 0.546999990940094, 0.7070000171661377, 0.6489999890327454, 0.9319999814033508, 0.31700000166893005, 0.9319999814033508, 0.9679999947547913, 0.9559999704360962]
 Testing Label Acc: [0.7319999933242798, 0.9860000014305115, 0.5440000295639038, 0.7289999723434448, 0.6919999718666077, 0.9300000071525574, 0.34299999475479126, 0.9399999976158142, 0.9710000157356262, 0.9520000219345093]
 Testing Label Acc: [0.7080000042915344, 0.9860000014305115, 0.4950000047683716, 0.6790000200271606, 0.6110000014305115, 0.9380000233650208, 0.33899998664855957, 0.9210000038146973, 0.9700000286102295, 0.9589999914169312]
 Testing Label Acc: [0.7730000019073486, 0.9819999933242798, 0.6129999756813049, 0.7940000295639038, 0.7419999837875366, 0.9359999895095825, 0.38199999928474426, 0.9319999814033508, 0.968999981880188, 0.9570000171661377]
 Testing Label Acc: [0.5450000166893005, 0.9869999885559082, 0.32499998807907104, 0.44999998807907104, 0.2919999957084656, 0.9330000281333923, 0.2290000021457672, 0.9229999780654907, 0.9700000286102295, 0.9570000171661377]
 Testing Label Acc: [0.7950000166893005, 0.9789999723434448, 0.6880000233650208, 0.8420000076293945, 0.7620000243186951, 0.9369999766349792, 0.4320000112056732, 0.9290000200271606, 0.9710000157356262, 0.9570000171661377]
 Testing Label Acc: [0.2549999952316284, 0.9879999756813049, 0.12800000607967377, 0.2070000022649765, 0.06300000101327896, 0.9300000071525574, 0.11699999868869781, 0.925000011920929, 0.972000002861023, 0.9549999833106995]
 Testing Label Acc: [0.7559999823570251, 0.9829999804496765, 0.6309999823570251, 0.8019999861717224, 0.7329999804496765, 0.9290000200271606, 0.4090000092983246, 0.9430000185966492, 0.9769999980926514, 0.953000009059906]
 Testing Label Acc: [0.6740000247955322, 0.9869999885559082, 0.5019999742507935, 0.6809999942779541, 0.550000011920929, 0.9290000200271606, 0.30799999833106995, 0.9399999976158142, 0.9760000109672546, 0.9509999752044678]
 Testing Label Acc: [0.5870000123977661, 0.9860000014305115, 0.4309999942779541, 0.5680000185966492, 0.37700000405311584, 0.9350000023841858, 0.24799999594688416, 0.9200000166893005, 0.9760000109672546, 0.9599999785423279]
 Testing Label Acc: [0.7139999866485596, 0.9850000143051147, 0.5609999895095825, 0.7250000238418579, 0.6620000004768372, 0.9309999942779541, 0.3479999899864197, 0.9359999895095825, 0.9779999852180481, 0.9570000171661377]
 Testing Label Acc: [0.7620000243186951, 0.9819999933242798, 0.5920000076293945, 0.7689999938011169, 0.6959999799728394, 0.9359999895095825, 0.3840000033378601, 0.9399999976158142, 0.9760000109672546, 0.9549999833106995]
 Testing Label Acc: [0.7229999899864197, 0.984000027179718, 0.5450000166893005, 0.7269999980926514, 0.6389999985694885, 0.9380000233650208, 0.3700000047683716, 0.9440000057220459, 0.9750000238418579, 0.9470000267028809]
 Testing Label Acc: [0.6579999923706055, 0.9869999885559082, 0.5130000114440918, 0.6579999923706055, 0.6100000143051147, 0.9269999861717224, 0.3409999907016754, 0.9409999847412109, 0.9779999852180481, 0.953000009059906]
 Testing Label Acc: [0.6119999885559082, 0.9879999756813049, 0.44200000166893005, 0.5389999747276306, 0.5040000081062317, 0.9259999990463257, 0.2720000147819519, 0.9340000152587891, 0.9810000061988831, 0.9570000171661377]
 Testing Label Acc: [0.7229999899864197, 0.9850000143051147, 0.5789999961853027, 0.7260000109672546, 0.6970000267028809, 0.9340000152587891, 0.3709999918937683, 0.9330000281333923, 0.9789999723434448, 0.9570000171661377]
 Testing Label Acc: [0.6439999938011169, 0.9879999756813049, 0.4749999940395355, 0.5950000286102295, 0.4659999907016754, 0.9350000023841858, 0.25200000405311584, 0.9409999847412109, 0.9769999980926514, 0.9509999752044678]
 Testing Label Acc: [0.7730000019073486, 0.9810000061988831, 0.6359999775886536, 0.8059999942779541, 0.75, 0.9309999942779541, 0.4359999895095825, 0.9459999799728394, 0.9750000238418579, 0.953000009059906]
 Testing Label Acc: [0.6320000290870667, 0.9860000014305115, 0.45100000500679016, 0.6039999723434448, 0.43299999833106995, 0.9309999942779541, 0.27300000190734863, 0.9399999976158142, 0.9779999852180481, 0.9520000219345093]
 Testing Label Acc: [0.7620000243186951, 0.9829999804496765, 0.6100000143051147, 0.7630000114440918, 0.7429999709129333, 0.9380000233650208, 0.39800000190734863, 0.9300000071525574, 0.9739999771118164, 0.9570000171661377]
 Testing Label Acc: [0.3779999911785126, 0.9879999756813049, 0.22100000083446503, 0.3370000123977661, 0.16099999845027924, 0.9330000281333923, 0.1469999998807907, 0.9290000200271606, 0.9819999933242798, 0.9570000171661377]
 Testing Label Acc: [0.7710000276565552, 0.9800000190734863, 0.6660000085830688, 0.8180000185966492, 0.7490000128746033, 0.9350000023841858, 0.41200000047683716, 0.9480000138282776, 0.9760000109672546, 0.949999988079071]
 Testing Label Acc: [0.367000013589859, 0.9879999756813049, 0.20600000023841858, 0.34700000286102295, 0.12999999523162842, 0.9330000281333923, 0.1459999978542328, 0.9369999766349792, 0.9739999771118164, 0.949999988079071]
 Testing Label Acc: [0.7940000295639038, 0.9789999723434448, 0.6800000071525574, 0.8320000171661377, 0.7739999890327454, 0.9380000233650208, 0.45899999141693115, 0.9440000057220459, 0.9760000109672546, 0.949999988079071]
 Testing Label Acc: [0.6010000109672546, 0.9869999885559082, 0.4189999997615814, 0.6069999933242798, 0.44999998807907104, 0.9369999766349792, 0.2750000059604645, 0.9380000233650208, 0.9779999852180481, 0.953000009059906]
 Testing Label Acc: [0.7379999756813049, 0.984000027179718, 0.6179999709129333, 0.7549999952316284, 0.7269999980926514, 0.9380000233650208, 0.4050000011920929, 0.9359999895095825, 0.9779999852180481, 0.9580000042915344]
 Testing Label Acc: [0.7179999947547913, 0.9850000143051147, 0.5820000171661377, 0.7310000061988831, 0.6690000295639038, 0.9359999895095825, 0.382999986410141, 0.9340000152587891, 0.9779999852180481, 0.9589999914169312]
 Testing Label Acc: [0.33399999141693115, 0.9879999756813049, 0.296999990940094, 0.35199999809265137, 0.1889999955892563, 0.9340000152587891, 0.16099999845027924, 0.9340000152587891, 0.9800000190734863, 0.9559999704360962]
 Testing Label Acc: [0.8059999942779541, 0.9760000109672546, 0.7170000076293945, 0.8629999756813049, 0.7870000004768372, 0.9419999718666077, 0.4909999966621399, 0.9330000281333923, 0.9739999771118164, 0.9599999785423279]
 Testing Label Acc: [0.6269999742507935, 0.9869999885559082, 0.4449999928474426, 0.6320000290870667, 0.4429999887943268, 0.9369999766349792, 0.2680000066757202, 0.9369999766349792, 0.9789999723434448, 0.953000009059906]
 Testing Label Acc: [0.7590000033378601, 0.9810000061988831, 0.6579999923706055, 0.7990000247955322, 0.7329999804496765, 0.9380000233650208, 0.44999998807907104, 0.9390000104904175, 0.9779999852180481, 0.953000009059906]
 Testing Label Acc: [0.753000020980835, 0.9810000061988831, 0.6069999933242798, 0.7929999828338623, 0.7350000143051147, 0.9390000104904175, 0.4449999928474426, 0.9430000185966492, 0.9779999852180481, 0.9520000219345093]
 Testing Label Acc: [0.6430000066757202, 0.9869999885559082, 0.4950000047683716, 0.6439999938011169, 0.5080000162124634, 0.9350000023841858, 0.3190000057220459, 0.9430000185966492, 0.9819999933242798, 0.9520000219345093]
 Testing Label Acc: [0.6779999732971191, 0.9860000014305115, 0.5410000085830688, 0.7089999914169312, 0.5849999785423279, 0.9319999814033508, 0.37400001287460327, 0.9430000185966492, 0.9819999933242798, 0.9599999785423279]
 Testing Label Acc: [0.6899999976158142, 0.9879999756813049, 0.527999997138977, 0.6949999928474426, 0.6190000176429749, 0.9340000152587891, 0.3799999952316284, 0.9419999718666077, 0.9800000190734863, 0.9559999704360962]
 Testing Label Acc: [0.7739999890327454, 0.9810000061988831, 0.6650000214576721, 0.8209999799728394, 0.7799999713897705, 0.9409999847412109, 0.4659999907016754, 0.9390000104904175, 0.9769999980926514, 0.9599999785423279]
 Testing Label Acc: [0.5809999704360962, 0.9879999756813049, 0.367000013589859, 0.5830000042915344, 0.39399999380111694, 0.9459999799728394, 0.2680000066757202, 0.9290000200271606, 0.9819999933242798, 0.9589999914169312]
 Testing Label Acc: [0.7789999842643738, 0.9810000061988831, 0.6600000262260437, 0.828000009059906, 0.7580000162124634, 0.9390000104904175, 0.4729999899864197, 0.9589999914169312, 0.9789999723434448, 0.9449999928474426]
 Testing Label Acc: [0.503000020980835, 0.9890000224113464, 0.36399999260902405, 0.503000020980835, 0.3330000042915344, 0.9359999895095825, 0.24899999797344208, 0.9480000138282776, 0.9810000061988831, 0.9480000138282776]
 Testing Label Acc: [0.7599999904632568, 0.9810000061988831, 0.7020000219345093, 0.8009999990463257, 0.7350000143051147, 0.9409999847412109, 0.4690000116825104, 0.9440000057220459, 0.9760000109672546, 0.9539999961853027]
 Testing Label Acc: [0.7160000205039978, 0.9829999804496765, 0.5509999990463257, 0.7490000128746033, 0.6460000276565552, 0.9380000233650208, 0.3970000147819519, 0.9449999928474426, 0.9800000190734863, 0.9509999752044678]
 Testing Label Acc: [0.7620000243186951, 0.9819999933242798, 0.6520000100135803, 0.8149999976158142, 0.7749999761581421, 0.9380000233650208, 0.48899999260902405, 0.949999988079071, 0.9760000109672546, 0.949999988079071]
 Testing Label Acc: [0.4180000126361847, 0.9900000095367432, 0.2680000066757202, 0.40799999237060547, 0.2549999952316284, 0.9369999766349792, 0.1889999955892563, 0.9470000267028809, 0.9819999933242798, 0.9509999752044678]
 Testing Label Acc: [0.7609999775886536, 0.9819999933242798, 0.6859999895095825, 0.8040000200271606, 0.7549999952316284, 0.9409999847412109, 0.47999998927116394, 0.9430000185966492, 0.9779999852180481, 0.9549999833106995]
 Testing Label Acc: [0.652999997138977, 0.9900000095367432, 0.5009999871253967, 0.6359999775886536, 0.5289999842643738, 0.9359999895095825, 0.32499998807907104, 0.9470000267028809, 0.9829999804496765, 0.953000009059906]
 Testing Label Acc: [0.7919999957084656, 0.9810000061988831, 0.6850000023841858, 0.828000009059906, 0.7509999871253967, 0.9440000057220459, 0.4690000116825104, 0.9440000057220459, 0.9800000190734863, 0.9549999833106995]
 Testing Label Acc: [0.7229999899864197, 0.9860000014305115, 0.5460000038146973, 0.7170000076293945, 0.628000020980835, 0.9440000057220459, 0.37599998712539673, 0.9399999976158142, 0.9810000061988831, 0.9559999704360962]
 Testing Label Acc: [0.7799999713897705, 0.9810000061988831, 0.6809999942779541, 0.8100000023841858, 0.7350000143051147, 0.9459999799728394, 0.4740000069141388, 0.9470000267028809, 0.9800000190734863, 0.9549999833106995]
 Testing Label Acc: [0.4909999966621399, 0.9879999756813049, 0.37299999594688416, 0.48100000619888306, 0.3019999861717224, 0.9409999847412109, 0.23600000143051147, 0.9419999718666077, 0.9819999933242798, 0.953000009059906]
 Testing Label Acc: [0.7239999771118164, 0.9879999756813049, 0.625, 0.7350000143051147, 0.6549999713897705, 0.9369999766349792, 0.40299999713897705, 0.9449999928474426, 0.984000027179718, 0.9570000171661377]
 Testing Label Acc: [0.781000018119812, 0.9810000061988831, 0.6880000233650208, 0.8149999976158142, 0.7379999756813049, 0.9440000057220459, 0.4880000054836273, 0.9380000233650208, 0.9819999933242798, 0.9599999785423279]
 Testing Label Acc: [0.5860000252723694, 0.9879999756813049, 0.40700000524520874, 0.5979999899864197, 0.41600000858306885, 0.9340000152587891, 0.28700000047683716, 0.9490000009536743, 0.9829999804496765, 0.953000009059906]
 Testing Label Acc: [0.8050000071525574, 0.9789999723434448, 0.7239999771118164, 0.8379999995231628, 0.7799999713897705, 0.9409999847412109, 0.5099999904632568, 0.9490000009536743, 0.9810000061988831, 0.9549999833106995]
