 Testing Label Acc: [0.8673469424247742, 0.9947136640548706, 0.24515503644943237, 0.31881189346313477, 0.16904276609420776, 0.0, 0.7223381996154785, 0.0, 0.31622177362442017, 0.9068384766578674]
 Testing Label Acc: [0.545918345451355, 0.7920705080032349, 0.21124030649662018, 0.005940594244748354, 0.3095723092556, 0.0, 0.014613778330385685, 0.0, 0.9948665499687195, 0.10307234525680542]
 Testing Label Acc: [0.5826530456542969, 0.9356828331947327, 0.21317829191684723, 0.8712871074676514, 0.57230144739151, 0.0, 0.9144049882888794, 0.0, 0.12012320011854172, 0.2804757058620453]
 Testing Label Acc: [0.9234693646430969, 0.9938325881958008, 0.41085270047187805, 0.04356435686349869, 0.09877800196409225, 0.0, 0.3455114960670471, 0.0, 0.009240246377885342, 0.9454905986785889]
 Testing Label Acc: [0.8551020622253418, 1.0, 0.11434108763933182, 0.0, 0.6680244207382202, 0.0, 0.3977035582065582, 0.0, 0.07186858355998993, 0.037661049515008926]
 Testing Label Acc: [0.8928571343421936, 0.9268722534179688, 0.7945736646652222, 0.5673267245292664, 0.0773930773139, 0.0, 0.10542797297239304, 0.0, 0.00410677632316947, 0.9316154718399048]
 Testing Label Acc: [0.8051020503044128, 0.6925110220909119, 0.9602712988853455, 0.1960396021604538, 0.01731160841882229, 0.0, 0.7974947690963745, 0.0, 0.30903491377830505, 0.26263627409935]
 Testing Label Acc: [0.9061224460601807, 0.9867841601371765, 0.11531008034944534, 0.37821781635284424, 0.5122199654579163, 0.0, 0.7536534667015076, 0.0, 0.25564682483673096, 0.8810703754425049]
 Testing Label Acc: [0.8489795923233032, 1.0, 0.15019379556179047, 0.18910890817642212, 0.2566191554069519, 0.0, 0.20146137475967407, 0.0, 0.06160164251923561, 0.8652130961418152]
 Testing Label Acc: [0.9734693765640259, 0.9911894202232361, 0.018410852178931236, 0.0009900990407913923, 0.7403258681297302, 0.0, 0.5396659970283508, 0.0, 0.015400410629808903, 0.5976213812828064]
 Testing Label Acc: [0.9887754917144775, 0.9806167483329773, 0.7141472697257996, 0.5594059228897095, 0.5967413187026978, 0.0022421525791287422, 0.5501043796539307, 0.0, 0.5595482587814331, 0.8186323046684265]
 Testing Label Acc: [0.9846938848495483, 0.992951512336731, 0.6521317958831787, 0.7415841817855835, 0.5621181130409241, 0.0033632286358624697, 0.7275574207305908, 0.0, 0.10472279042005539, 0.8513379693031311]
 Testing Label Acc: [0.9581632614135742, 0.9709250926971436, 0.7248061895370483, 0.7782177925109863, 0.7932790517807007, 0.0, 0.7734864354133606, 0.0, 0.8716632723808289, 0.1159563958644867]
 Testing Label Acc: [0.954081654548645, 0.9876651763916016, 0.7354651093482971, 0.694059431552887, 0.5641548037528992, 0.0, 0.8194154500961304, 0.0, 0.5349075794219971, 0.22398413717746735]
 Testing Label Acc: [0.9734693765640259, 0.9709250926971436, 0.0, 0.9821782112121582, 0.16191445291042328, 0.0, 0.725469708442688, 0.0, 0.03901437297463417, 0.3211100101470947]
 Testing Label Acc: [0.8836734890937805, 0.9955947399139404, 0.47189921140670776, 0.5732673406600952, 0.7708757519721985, 0.26121076941490173, 0.9279749393463135, 0.0, 0.05030800774693489, 0.05450941622257233]
 Testing Label Acc: [0.9897959232330322, 0.9859030842781067, 0.08914728462696075, 0.6643564105033875, 0.9633401036262512, 0.2130044847726822, 0.6367431879043579, 0.0, 0.5492812991142273, 0.08820614218711853]
 Testing Label Acc: [0.9744898080825806, 0.9964757561683655, 0.5465116500854492, 0.7762376070022583, 0.7433808445930481, 0.006726457271724939, 0.8382046222686768, 0.0, 0.2648870646953583, 0.01982160471379757]
 Testing Label Acc: [0.9887754917144775, 0.9348017573356628, 0.8275193572044373, 0.6910890936851501, 0.5896130204200745, 0.022421523928642273, 0.9321503043174744, 0.0, 0.10574948787689209, 0.037661049515008926]
 Testing Label Acc: [0.9663265347480774, 0.9938325881958008, 0.6414728760719299, 0.7683168053627014, 0.5549898147583008, 0.01905829645693302, 0.7442588806152344, 0.0, 0.04312115162611008, 0.0]
 Testing Label Acc: [0.9295918345451355, 0.983259916305542, 0.5649224519729614, 0.905940592288971, 0.9052953124046326, 0.016816142946481705, 0.9665970802307129, 0.0, 0.36755648255348206, 0.027750248089432716]
 Testing Label Acc: [0.9602040648460388, 0.9814978241920471, 0.7034883499145508, 0.8178218007087708, 0.9012219905853271, 0.01569506712257862, 0.9352818131446838, 0.0, 0.8665297627449036, 0.33795836567878723]
 Testing Label Acc: [0.9591836929321289, 0.9726872444152832, 0.6531007885932922, 0.9356435537338257, 0.932790219783783, 0.13116592168807983, 0.968684732913971, 0.0, 0.25975358486175537, 0.09018830209970474]
 Testing Label Acc: [0.9806122183799744, 0.9885462522506714, 0.7490310072898865, 0.7811881303787231, 0.9012219905853271, 0.016816142946481705, 0.8225469589233398, 0.0019455252913758159, 0.7012320160865784, 0.6114965081214905]
 Testing Label Acc: [0.9561224579811096, 0.9850220084190369, 0.8081395626068115, 0.7633663415908813, 0.9725050926208496, 0.08744394779205322, 0.8089770078659058, 0.0, 0.5616016387939453, 0.008919722400605679]
 Testing Label Acc: [0.9755101799964905, 0.9814978241920471, 0.7509689927101135, 0.9643564224243164, 0.5580447912216187, 0.0, 0.8350730538368225, 0.0, 0.42505133152008057, 0.8453914523124695]
 Testing Label Acc: [0.9795918464660645, 0.9814978241920471, 0.7945736646652222, 0.8287128806114197, 0.709775984287262, 0.05829596519470215, 0.8966597318649292, 0.039883267134428024, 0.6765913963317871, 0.8662041425704956]
 Testing Label Acc: [0.981632649898529, 0.9365638494491577, 0.7451550364494324, 0.5950495004653931, 0.9826883673667908, 0.0011210762895643711, 0.8705636858940125, 0.0, 0.5400410890579224, 0.36075320839881897]
 Testing Label Acc: [0.9836734533309937, 0.9947136640548706, 0.7664728760719299, 0.7465346455574036, 0.9348269104957581, 0.02130044810473919, 0.7839248180389404, 0.0, 0.5143737196922302, 0.5272547006607056]
 Testing Label Acc: [0.9571428298950195, 0.976211428642273, 0.7170542478561401, 0.6237623691558838, 0.676171064376831, 0.0, 0.9457202553749084, 0.0, 0.8234086036682129, 0.8513379693031311]
 Testing Label Acc: [0.9806122183799744, 0.966519832611084, 0.9060077667236328, 0.8633663654327393, 0.5132383108139038, 0.020179372280836105, 0.869519829750061, 0.0, 0.8685831427574158, 0.8721506595611572]
 Testing Label Acc: [0.9755101799964905, 0.9559471607208252, 0.9312015771865845, 0.906930685043335, 0.7627291083335876, 0.0, 0.944676399230957, 0.0, 0.5256673693656921, 0.7988107204437256]
 Testing Label Acc: [0.9591836929321289, 0.9947136640548706, 0.8284883499145508, 0.8712871074676514, 0.8543788194656372, 0.08520179241895676, 0.9008350968360901, 0.0, 0.524640679359436, 0.7651139497756958]
 Testing Label Acc: [0.9775510430335999, 0.9797356724739075, 0.8856589198112488, 0.78910893201828, 0.9205702543258667, 0.08071748912334442, 0.9603340029716492, 0.0, 0.6601642966270447, 0.5084241628646851]
 Testing Label Acc: [0.981632649898529, 0.9603524208068848, 0.7655038833618164, 0.9732673168182373, 0.6945010423660278, 0.0022421525791287422, 0.8977035284042358, 0.0, 0.5410677790641785, 0.6352824568748474]
 Testing Label Acc: [0.9632652997970581, 0.9806167483329773, 0.8391472697257996, 0.6732673048973083, 0.951120138168335, 0.7107623219490051, 0.9572024941444397, 0.0, 0.46303901076316833, 0.2646184265613556]
 Testing Label Acc: [0.954081654548645, 0.9726872444152832, 0.7490310072898865, 0.9148514866828918, 0.9562118053436279, 0.0, 0.9467641115188599, 0.0, 0.8747433423995972, 0.050545092672109604]
 Testing Label Acc: [0.9744898080825806, 0.992951512336731, 0.8846899271011353, 0.9049504995346069, 0.8696537613868713, 0.09753363579511642, 0.9331941604614258, 0.46011674404144287, 0.5821354985237122, 0.8315163254737854]
 Testing Label Acc: [0.9357143044471741, 0.9735682606697083, 0.8459302186965942, 0.9306930899620056, 0.844195544719696, 0.04932735487818718, 0.9832985401153564, 0.0, 0.5071868300437927, 0.48959365487098694]
 Testing Label Acc: [0.9897959232330322, 0.9700440764427185, 0.8275193572044373, 0.8990098834037781, 0.9531568288803101, 0.041479822248220444, 0.9342380166053772, 0.0, 0.5862423181533813, 0.1813676953315735]
 Testing Label Acc: [0.9693877696990967, 0.9797356724739075, 0.7994186282157898, 0.8980197906494141, 0.9073320031166077, 0.10426008701324463, 0.9645093679428101, 0.011673151515424252, 0.7176591157913208, 0.2309217005968094]
 Testing Label Acc: [0.9775510430335999, 0.9938325881958008, 0.7771317958831787, 0.8316831588745117, 0.8869653940200806, 0.19394618272781372, 0.9133611917495728, 0.05836575850844383, 0.849075973033905, 0.8354806900024414]
 Testing Label Acc: [0.9826530814170837, 0.9841409921646118, 0.8168604373931885, 0.895049512386322, 0.9185336232185364, 0.26233184337615967, 0.9645093679428101, 0.0077821011655032635, 0.7618069648742676, 0.7413280606269836]
 Testing Label Acc: [0.9744898080825806, 0.9920704960823059, 0.7596899271011353, 0.9297029972076416, 0.9653767943382263, 0.07062780112028122, 0.9415448904037476, 0.3287937641143799, 0.7494866251945496, 0.5064420104026794]
 Testing Label Acc: [0.9642857313156128, 0.9903083443641663, 0.8682170510292053, 0.7920792102813721, 0.914460301399231, 0.012331838719546795, 0.9342380166053772, 0.1780155599117279, 0.8182751536369324, 0.7819623351097107]
 Testing Label Acc: [0.9806122183799744, 0.9876651763916016, 0.8556201457977295, 0.9217821955680847, 0.7545824646949768, 0.03139013424515724, 0.9018788933753967, 0.0, 0.8008213639259338, 0.8602576851844788]
 Testing Label Acc: [0.9785714149475098, 0.992951512336731, 0.8682170510292053, 0.8891088962554932, 0.5692464113235474, 0.17488789558410645, 0.9436325430870056, 0.01361867692321539, 0.48357290029525757, 0.9127849340438843]
 Testing Label Acc: [0.9622448682785034, 0.9894273281097412, 0.7839147448539734, 0.8257426023483276, 0.9052953124046326, 0.1266816109418869, 0.931106448173523, 0.0, 0.8552361130714417, 0.7690783143043518]
 Testing Label Acc: [0.9755101799964905, 0.9859030842781067, 0.8439922332763672, 0.7643564343452454, 0.8299388885498047, 0.03811659291386604, 0.9352818131446838, 0.16342411935329437, 0.8377823233604431, 0.8513379693031311]
 Testing Label Acc: [0.9530612230300903, 0.9938325881958008, 0.6501938104629517, 0.8594059348106384, 0.5926679968833923, 0.0011210762895643711, 0.9217119216918945, 0.0, 0.7505133748054504, 0.9385530352592468]
 Testing Label Acc: [0.9775510430335999, 0.9823788404464722, 0.8788759708404541, 0.9425742626190186, 0.7494908571243286, 0.19170403480529785, 0.8768267035484314, 0.022373540326952934, 0.8203285336494446, 0.8800792694091797]
 Testing Label Acc: [0.9530612230300903, 0.9920704960823059, 0.8856589198112488, 0.9405940771102905, 0.8268839120864868, 0.22197309136390686, 0.9592902064323425, 0.0, 0.7741273045539856, 0.8235877156257629]
 Testing Label Acc: [0.9632652997970581, 0.9938325881958008, 0.8478682041168213, 0.8772277235984802, 0.9633401036262512, 0.28811660408973694, 0.9331941604614258, 0.3929961025714874, 0.8480492830276489, 0.5599603652954102]
 Testing Label Acc: [0.9704081416130066, 0.9806167483329773, 0.9108527302742004, 0.8603960275650024, 0.8116089701652527, 0.3026905953884125, 0.9759916663169861, 0.0, 0.7638603448867798, 0.8315163254737854]
 Testing Label Acc: [0.949999988079071, 0.9876651763916016, 0.8304263353347778, 0.9455445408821106, 0.8126273155212402, 0.17264573276042938, 0.9665970802307129, 0.0, 0.8439425230026245, 0.6055500507354736]
 Testing Label Acc: [0.981632649898529, 0.9841409921646118, 0.7829457521438599, 0.7920792102813721, 0.9704684615135193, 0.37780269980430603, 0.9478079080581665, 0.0, 0.7279260754585266, 0.008919722400605679]
 Testing Label Acc: [0.922448992729187, 0.9867841601371765, 0.6918604373931885, 0.8742574453353882, 0.9572301506996155, 0.005605380982160568, 0.907098114490509, 0.0, 0.9034907817840576, 0.0009910803055390716]
 Testing Label Acc: [0.9469387531280518, 0.9814978241920471, 0.913759708404541, 0.907920777797699, 0.8177189230918884, 0.27242153882980347, 0.968684732913971, 0.2597276270389557, 0.6344969272613525, 0.9197224974632263]
 Testing Label Acc: [0.9755101799964905, 0.9753304123878479, 0.8846899271011353, 0.9287128448486328, 0.8523421883583069, 0.219730943441391, 0.9530271291732788, 0.49805447459220886, 0.7618069648742676, 0.9068384766578674]
 Testing Label Acc: [0.9826530814170837, 0.9444934129714966, 0.9040697813034058, 0.9257425665855408, 0.9195519089698792, 0.21748879551887512, 0.9457202553749084, 0.08365758508443832, 0.7566735148429871, 0.667988121509552]
 Testing Label Acc: [0.9551020264625549, 0.9876651763916016, 0.748062014579773, 0.8554455637931824, 0.9164969325065613, 0.14237667620182037, 0.9645093679428101, 0.0, 0.8798767924308777, 0.5421209335327148]
 Testing Label Acc: [0.9826530814170837, 0.9867841601371765, 0.895348846912384, 0.8861386179924011, 0.867617130279541, 0.469730943441391, 0.9363256692886353, 0.41342413425445557, 0.9014373421669006, 0.8523290157318115]
 Testing Label Acc: [0.9693877696990967, 0.992951512336731, 0.8808139562606812, 0.8910890817642212, 0.7749490737915039, 0.4674887955188751, 0.9718163013458252, 0.22373540699481964, 0.7710472345352173, 0.9167492389678955]
 Testing Label Acc: [0.9744898080825806, 0.992951512336731, 0.8430232405662537, 0.9306930899620056, 0.9429734945297241, 0.11547084897756577, 0.9227557182312012, 0.15758754312992096, 0.7967146039009094, 0.6313181519508362]
 Testing Label Acc: [0.9469387531280518, 0.9911894202232361, 0.8875969052314758, 0.8900989890098572, 0.92769855260849, 0.06390134245157242, 0.9154488444328308, 0.0, 0.7299794554710388, 0.8731417059898376]
 Testing Label Acc: [0.9112244844436646, 0.9709250926971436, 0.8711240291595459, 0.9762375950813293, 0.1771894097328186, 0.020179372280836105, 0.9060542583465576, 0.0, 0.46817249059677124, 0.9246779084205627]
 Testing Label Acc: [0.9714285731315613, 0.9718061685562134, 0.9127907156944275, 0.9237623810768127, 0.9205702543258667, 0.2858744263648987, 0.9530271291732788, 0.0, 0.7895277142524719, 0.8424182534217834]
 Testing Label Acc: [0.9714285731315613, 0.9903083443641663, 0.8226743936538696, 0.9019802212715149, 0.9602851271629333, 0.3004484176635742, 0.9478079080581665, 0.47665369510650635, 0.8932238221168518, 0.6501486897468567]
 Testing Label Acc: [0.9704081416130066, 0.9718061685562134, 0.8972868323326111, 0.9425742626190186, 0.8513238430023193, 0.3363228738307953, 0.9634655714035034, 0.18677042424678802, 0.8223819136619568, 0.908820629119873]
 Testing Label Acc: [0.9714285731315613, 0.9682819247245789, 0.8662790656089783, 0.9128713011741638, 0.8197556138038635, 0.08632286638021469, 0.9582463502883911, 0.45719844102859497, 0.8983572721481323, 0.8939543962478638]
 Testing Label Acc: [0.9918367266654968, 0.9744493365287781, 0.9292635917663574, 0.9207921028137207, 0.8299388885498047, 0.31838566064834595, 0.9081419706344604, 0.10700388997793198, 0.7268993854522705, 0.9137760400772095]
 Testing Label Acc: [0.9704081416130066, 0.9876651763916016, 0.8430232405662537, 0.9277227520942688, 0.8818737268447876, 0.41143497824668884, 0.9582463502883911, 0.07976653426885605, 0.907597541809082, 0.8810703754425049]
 Testing Label Acc: [0.9785714149475098, 0.9894273281097412, 0.8808139562606812, 0.908910870552063, 0.8991853594779968, 0.4338565170764923, 0.9478079080581665, 0.5077821016311646, 0.882956862449646, 0.8850346803665161]
 Testing Label Acc: [0.9785714149475098, 0.9867841601371765, 0.8866279125213623, 0.9118812084197998, 0.9205702543258667, 0.3464125692844391, 0.9384133815765381, 0.0, 0.8963038921356201, 0.7829534411430359]
 Testing Label Acc: [0.9530612230300903, 0.9215859174728394, 0.661821722984314, 0.8336633443832397, 0.5101832747459412, 0.0022421525791287422, 0.8611690998077393, 0.0, 0.987679660320282, 0.08126858621835709]
 Testing Label Acc: [0.972449004650116, 0.9920704960823059, 0.5174418687820435, 0.4386138617992401, 0.951120138168335, 0.057174887508153915, 0.9655532240867615, 0.0, 0.5841889381408691, 0.0]
 Testing Label Acc: [0.9663265347480774, 0.9911894202232361, 0.8982558250427246, 0.9227722883224487, 0.8503054976463318, 0.16816143691539764, 0.9561586380004883, 0.16731517016887665, 0.8377823233604431, 0.8483647108078003]
 Testing Label Acc: [0.9826530814170837, 0.9938325881958008, 0.8837209343910217, 0.8742574453353882, 0.7942973375320435, 0.5224215388298035, 0.9519832730293274, 0.1595330685377121, 0.8275154232978821, 0.9236868023872375]
 Testing Label Acc: [0.9653061032295227, 0.9938325881958008, 0.8837209343910217, 0.8861386179924011, 0.9501018524169922, 0.4372197389602661, 0.9665970802307129, 0.3745136260986328, 0.8172484636306763, 0.4509415328502655]
 Testing Label Acc: [0.9673469662666321, 0.9841409921646118, 0.8808139562606812, 0.9217821955680847, 0.7912423610687256, 0.24551568925380707, 0.9676409363746643, 0.6935797929763794, 0.8603696227073669, 0.9197224974632263]
 Testing Label Acc: [0.9520407915115356, 0.9814978241920471, 0.6812015771865845, 0.8643564581871033, 0.9470468163490295, 0.12219730764627457, 0.9321503043174744, 0.0, 0.9681724905967712, 0.532210111618042]
 Testing Label Acc: [0.9846938848495483, 0.9779735803604126, 0.8885658979415894, 0.9108911156654358, 0.8340122103691101, 0.47421523928642273, 0.962421715259552, 0.01653696410357952, 0.8459959030151367, 0.9276511669158936]
 Testing Label Acc: [0.972449004650116, 0.992951512336731, 0.913759708404541, 0.9049504995346069, 0.8533604741096497, 0.4461883306503296, 0.9634655714035034, 0.6595330834388733, 0.8562628626823425, 0.9256689548492432]
 Testing Label Acc: [0.9765306115150452, 0.9947136640548706, 0.8449612259864807, 0.9366336464881897, 0.9012219905853271, 0.19843049347400665, 0.9342380166053772, 0.07392995804548264, 0.7330595254898071, 0.8424182534217834]
 Testing Label Acc: [0.940816342830658, 0.992951512336731, 0.8488371968269348, 0.8663366436958313, 0.860488772392273, 0.020179372280836105, 0.9551148414611816, 0.08171205967664719, 0.35831621289253235, 0.8186323046684265]
 Testing Label Acc: [0.9020408391952515, 0.8704845905303955, 0.9031007885932922, 0.9752475023269653, 0.04582484811544418, 0.012331838719546795, 0.8277661800384521, 0.0, 0.7669404745101929, 0.9454905986785889]
 Testing Label Acc: [0.968367338180542, 0.9823788404464722, 0.8711240291595459, 0.8999999761581421, 0.9012219905853271, 0.5067264437675476, 0.9498956203460693, 0.0, 0.9250513315200806, 0.8354806900024414]
 Testing Label Acc: [0.9765306115150452, 0.992951512336731, 0.8914728760719299, 0.9257425665855408, 0.8767820596694946, 0.49103137850761414, 0.9405010342597961, 0.7607004046440125, 0.8593429327011108, 0.9058473706245422]
 Testing Label Acc: [0.9734693765640259, 0.9867841601371765, 0.9224806427955627, 0.9198019504547119, 0.885947048664093, 0.5403587222099304, 0.9582463502883911, 0.6673151850700378, 0.8593429327011108, 0.8800792694091797]
 Testing Label Acc: [0.9693877696990967, 0.9885462522506714, 0.8187984228134155, 0.9267326593399048, 0.8981670141220093, 0.2634529173374176, 0.9707724452018738, 0.07879377156496048, 0.907597541809082, 0.8126858472824097]
 Testing Label Acc: [0.9734693765640259, 0.9779735803604126, 0.9563953280448914, 0.8683168292045593, 0.8971486687660217, 0.30493274331092834, 0.9603340029716492, 0.08560311049222946, 0.7874743342399597, 0.8830525279045105]
 Testing Label Acc: [0.949999988079071, 0.9894273281097412, 0.770348846912384, 0.905940592288971, 0.8828920722007751, 0.4865470826625824, 0.9707724452018738, 0.0, 0.895277202129364, 0.3002973198890686]
 Testing Label Acc: [0.9775510430335999, 0.9903083443641663, 0.9156976938247681, 0.8999999761581421, 0.8828920722007751, 0.591928243637085, 0.962421715259552, 0.48929962515830994, 0.9065708518028259, 0.9177403450012207]
 Testing Label Acc: [0.9826530814170837, 0.9903083443641663, 0.8963178396224976, 0.9138613939285278, 0.8452138304710388, 0.43497759103775024, 0.9206680655479431, 0.631322979927063, 0.8932238221168518, 0.9197224974632263]
 Testing Label Acc: [0.972449004650116, 0.9735682606697083, 0.8594961166381836, 0.9306930899620056, 0.8360489010810852, 0.09417040646076202, 0.9384133815765381, 0.0, 0.9137576818466187, 0.7888998985290527]
 Testing Label Acc: [0.9653061032295227, 0.9964757561683655, 0.44961240887641907, 0.6306930780410767, 0.9653767943382263, 0.17825111746788025, 0.9478079080581665, 0.0, 0.6704311966896057, 0.0]
 Testing Label Acc: [0.9632652997970581, 0.992951512336731, 0.9176356792449951, 0.9297029972076416, 0.8828920722007751, 0.469730943441391, 0.9592902064323425, 0.4902723729610443, 0.8326488733291626, 0.8860257863998413]
 Testing Label Acc: [0.9530612230300903, 0.9859030842781067, 0.8720930218696594, 0.9128713011741638, 0.8991853594779968, 0.5582959651947021, 0.9739039540290833, 0.0, 0.8696098327636719, 0.8751238584518433]
 Testing Label Acc: [0.9765306115150452, 0.9885462522506714, 0.8914728760719299, 0.9217821955680847, 0.9317718744277954, 0.5179372429847717, 0.9613778591156006, 0.5252918004989624, 0.9024640917778015, 0.8503468632698059]
 Testing Label Acc: [0.9734693765640259, 0.9920704960823059, 0.8439922332763672, 0.9267326593399048, 0.8849287033081055, 0.3396860957145691, 0.962421715259552, 0.015564202331006527, 0.8234086036682129, 0.9306243658065796]
 Testing Label Acc: [0.9581632614135742, 0.9691630005836487, 0.7625969052314758, 0.909900963306427, 0.8360489010810852, 0.15470851957798004, 0.9592902064323425, 0.0, 0.9527720808982849, 0.7601585984230042]
 Testing Label Acc: [0.9836734533309937, 0.9779735803604126, 0.895348846912384, 0.908910870552063, 0.632382869720459, 0.27130043506622314, 0.8841336369514465, 0.0038910505827516317, 0.9250513315200806, 0.9573835730552673]
 Testing Label Acc: [0.9775510430335999, 0.9920704960823059, 0.8798449635505676, 0.9049504995346069, 0.8217922449111938, 0.6098654866218567, 0.9478079080581665, 0.5136186480522156, 0.9096509218215942, 0.9375619292259216]
 Testing Label Acc: [0.9693877696990967, 0.9903083443641663, 0.8866279125213623, 0.9207921028137207, 0.9114053249359131, 0.591928243637085, 0.9665970802307129, 0.5749027132987976, 0.8891170620918274, 0.901883065700531]
 Testing Label Acc: [0.9765306115150452, 0.9920704960823059, 0.8846899271011353, 0.9158415794372559, 0.8492871522903442, 0.3038116693496704, 0.8956158757209778, 0.14785991609096527, 0.824435293674469, 0.9454905986785889]
 Testing Label Acc: [0.9510204195976257, 0.9788545966148376, 0.9263566136360168, 0.9475247263908386, 0.2881873846054077, 0.08183856308460236, 0.9331941604614258, 0.002918287878856063, 0.8305954933166504, 0.9226957559585571]
 Testing Label Acc: [0.9693877696990967, 0.9885462522506714, 0.8982558250427246, 0.9326732754707336, 0.8798370957374573, 0.46188339591026306, 0.9519832730293274, 0.2062256783246994, 0.907597541809082, 0.8909811973571777]
 Testing Label Acc: [0.9693877696990967, 0.9885462522506714, 0.9069767594337463, 0.8861386179924011, 0.8197556138038635, 0.4730941653251648, 0.9561586380004883, 0.25778210163116455, 0.9158110618591309, 0.9296333193778992]
 Testing Label Acc: [0.9704081416130066, 0.9885462522506714, 0.9050387740135193, 0.909900963306427, 0.8696537613868713, 0.6491031646728516, 0.9613778591156006, 0.7762646079063416, 0.8839835524559021, 0.928642213344574]
 Testing Label Acc: [0.9704081416130066, 0.9841409921646118, 0.8817829489707947, 0.9287128448486328, 0.8645620942115784, 0.1367713063955307, 0.9457202553749084, 0.021400777623057365, 0.9486653208732605, 0.8582755327224731]
 Testing Label Acc: [0.9775510430335999, 0.992951512336731, 0.9457364082336426, 0.893069326877594, 0.8991853594779968, 0.48430493474006653, 0.9258872866630554, 0.17704279720783234, 0.8080081939697266, 0.8245787620544434]
 Testing Label Acc: [0.9132652878761292, 0.9982379078865051, 0.6589147448539734, 0.8455445766448975, 0.8391038775444031, 0.1804932802915573, 0.9697285890579224, 0.0, 0.7833675742149353, 0.06045589596033096]
 Testing Label Acc: [0.9704081416130066, 0.9920704960823059, 0.9001938104629517, 0.9198019504547119, 0.8940936923027039, 0.6838564872741699, 0.9676409363746643, 0.7324903011322021, 0.8809034824371338, 0.9197224974632263]
 Testing Label Acc: [0.9806122183799744, 0.9911894202232361, 0.893410861492157, 0.8871287107467651, 0.9195519089698792, 0.40807175636291504, 0.9498956203460693, 0.1877431869506836, 0.9004106521606445, 0.9236868023872375]
 Testing Label Acc: [0.9785714149475098, 0.9841409921646118, 0.8391472697257996, 0.9356435537338257, 0.9073320031166077, 0.30829596519470215, 0.9227557182312012, 0.3501945436000824, 0.8921971321105957, 0.8979187607765198]
 Testing Label Acc: [0.9795918464660645, 0.9938325881958008, 0.7393410801887512, 0.8356435894966125, 0.9460285305976868, 0.10201793909072876, 0.9363256692886353, 0.0, 0.8655030727386475, 0.10208126902580261]
 Testing Label Acc: [0.9602040648460388, 0.9911894202232361, 0.9263566136360168, 0.9227722883224487, 0.8940936923027039, 0.4125560522079468, 0.9415448904037476, 0.0, 0.8911704421043396, 0.8652130961418152]
 Testing Label Acc: [0.9693877696990967, 0.9876651763916016, 0.8410852551460266, 0.9207921028137207, 0.8513238430023193, 0.6378923654556274, 0.9707724452018738, 0.18968871235847473, 0.9127309918403625, 0.9058473706245422]
 Testing Label Acc: [0.9755101799964905, 0.9920704960823059, 0.9176356792449951, 0.9207921028137207, 0.8951120376586914, 0.7634528875350952, 0.9613778591156006, 0.7470816969871521, 0.8531827330589294, 0.908820629119873]
 Testing Label Acc: [0.968367338180542, 0.9788545966148376, 0.8720930218696594, 0.9514851570129395, 0.8757637739181519, 0.5078475475311279, 0.9634655714035034, 0.45428016781806946, 0.8891170620918274, 0.9207136034965515]
 Testing Label Acc: [0.9795918464660645, 0.9797356724739075, 0.8003876209259033, 0.9178217649459839, 0.8095722794532776, 0.5325112342834473, 0.9519832730293274, 0.0, 0.9301847815513611, 0.9385530352592468]
 Testing Label Acc: [0.9887754917144775, 0.8863435983657837, 0.934108555316925, 0.9326732754707336, 0.3085539638996124, 0.2970851957798004, 0.8058454990386963, 0.11089494079351425, 0.8459959030151367, 0.9494549036026001]
 Testing Label Acc: [0.9765306115150452, 0.9885462522506714, 0.9195736646652222, 0.9297029972076416, 0.9022403359413147, 0.695067286491394, 0.9551148414611816, 0.505836546421051, 0.9137576818466187, 0.935579776763916]
 Testing Label Acc: [0.9561224579811096, 0.9850220084190369, 0.8866279125213623, 0.9316831827163696, 0.9287168979644775, 0.33520179986953735, 0.962421715259552, 0.16147859394550323, 0.9517453908920288, 0.7294350862503052]
 Testing Label Acc: [0.9653061032295227, 0.9920704960823059, 0.876937985420227, 0.909900963306427, 0.9032586812973022, 0.36883407831192017, 0.9582463502883911, 0.06517509371042252, 0.8901437520980835, 0.8721506595611572]
 Testing Label Acc: [0.9122449159622192, 0.9859030842781067, 0.8827519416809082, 0.9673267602920532, 0.3482688367366791, 0.3139013350009918, 0.9655532240867615, 0.0009727626456879079, 0.7659137845039368, 0.9266600608825684]
 Testing Label Acc: [0.9704081416130066, 0.9885462522506714, 0.8556201457977295, 0.9415841698646545, 0.9358451962471008, 0.216367706656456, 0.9540709853172302, 0.008754863403737545, 0.9332649111747742, 0.8027750253677368]
 Testing Label Acc: [0.981632649898529, 0.9920704960823059, 0.9176356792449951, 0.9168316721916199, 0.8849287033081055, 0.5257847309112549, 0.9582463502883911, 0.20136186480522156, 0.8542094230651855, 0.9197224974632263]
 Testing Label Acc: [0.9734693765640259, 0.9779735803604126, 0.8594961166381836, 0.9188118577003479, 0.862525463104248, 0.6177130341529846, 0.9488517642021179, 0.07684824615716934, 0.9435318112373352, 0.9236868023872375]
 Testing Label Acc: [0.9744898080825806, 0.9894273281097412, 0.9060077667236328, 0.9306930899620056, 0.8462321758270264, 0.5706278085708618, 0.962421715259552, 0.7879377603530884, 0.8767967224121094, 0.9435084462165833]
 Testing Label Acc: [0.972449004650116, 0.9911894202232361, 0.9370155334472656, 0.908910870552063, 0.932790219783783, 0.2970851957798004, 0.9613778591156006, 0.029182879254221916, 0.8798767924308777, 0.7789890766143799]
 Testing Label Acc: [0.9642857313156128, 0.9973568320274353, 0.408914715051651, 0.8752475380897522, 0.8788187503814697, 0.0044843051582574844, 0.8956158757209778, 0.0, 0.8234086036682129, 0.10208126902580261]
 Testing Label Acc: [0.9836734533309937, 0.9903083443641663, 0.9195736646652222, 0.8871287107467651, 0.9195519089698792, 0.7679372429847717, 0.9561586380004883, 0.5904669165611267, 0.9014373421669006, 0.9098116755485535]
 Testing Label Acc: [0.972449004650116, 0.9911894202232361, 0.913759708404541, 0.9019802212715149, 0.8818737268447876, 0.6221973299980164, 0.9613778591156006, 0.7762646079063416, 0.895277202129364, 0.9266600608825684]
 Testing Label Acc: [0.9765306115150452, 0.9867841601371765, 0.8905038833618164, 0.9257425665855408, 0.8930753469467163, 0.4226457476615906, 0.9352818131446838, 0.01264591421931982, 0.895277202129364, 0.9385530352592468]
 Testing Label Acc: [0.9785714149475098, 0.9920704960823059, 0.8439922332763672, 0.8495049476623535, 0.9480651617050171, 0.19394618272781372, 0.9133611917495728, 0.0, 0.9353182911872864, 0.28741326928138733]
 Testing Label Acc: [0.9622448682785034, 0.9894273281097412, 0.9360465407371521, 0.9207921028137207, 0.8890020251274109, 0.568385660648346, 0.9237995743751526, 0.0, 0.9065708518028259, 0.9197224974632263]
 Testing Label Acc: [0.9704081416130066, 0.9920704960823059, 0.9166666865348816, 0.9217821955680847, 0.891038715839386, 0.6087443828582764, 0.9613778591156006, 0.5622568130493164, 0.8870636820793152, 0.9316154718399048]
 Testing Label Acc: [0.9714285731315613, 0.9876651763916016, 0.9156976938247681, 0.9386138319969177, 0.9073320031166077, 0.7690582871437073, 0.9519832730293274, 0.6780155897140503, 0.9014373421669006, 0.9207136034965515]
 Testing Label Acc: [0.9744898080825806, 0.9911894202232361, 0.8527131676673889, 0.9564356207847595, 0.8727087378501892, 0.39237669110298157, 0.9540709853172302, 0.1877431869506836, 0.9301847815513611, 0.9207136034965515]
 Testing Label Acc: [0.9857142567634583, 0.9841409921646118, 0.8168604373931885, 0.9326732754707336, 0.7830957174301147, 0.3665919303894043, 0.9133611917495728, 0.0, 0.9476386308670044, 0.9435084462165833]
 Testing Label Acc: [0.9622448682785034, 0.8678414225578308, 0.934108555316925, 0.9415841698646545, 0.6059063076972961, 0.25112107396125793, 0.9478079080581665, 0.0, 0.8737166523933411, 0.9078295230865479]
 Testing Label Acc: [0.9744898080825806, 0.9903083443641663, 0.9108527302742004, 0.9148514866828918, 0.844195544719696, 0.8251121044158936, 0.9561586380004883, 0.5680933594703674, 0.9168378114700317, 0.9435084462165833]
 Testing Label Acc: [0.9734693765640259, 0.9885462522506714, 0.9205426573753357, 0.895049512386322, 0.9287168979644775, 0.6681614518165588, 0.968684732913971, 0.5029183030128479, 0.9168378114700317, 0.9177403450012207]
 Testing Label Acc: [0.9806122183799744, 0.9823788404464722, 0.8982558250427246, 0.9019802212715149, 0.9439918398857117, 0.4473094046115875, 0.9279749393463135, 0.030155641958117485, 0.9425051212310791, 0.8513379693031311]
 Testing Label Acc: [0.9612244963645935, 0.983259916305542, 0.8827519416809082, 0.9415841698646545, 0.6659877896308899, 0.4125560522079468, 0.9603340029716492, 0.5836575627326965, 0.8891170620918274, 0.9335976243019104]
 Testing Label Acc: [0.968367338180542, 0.9920704960823059, 0.8972868323326111, 0.9564356207847595, 0.9103869795799255, 0.4506726562976837, 0.9551148414611816, 0.2752918303012848, 0.9065708518028259, 0.8870168328285217]
 Testing Label Acc: [0.9734693765640259, 0.9920704960823059, 0.9253876209259033, 0.9405940771102905, 0.9124236106872559, 0.7219731211662292, 0.9561586380004883, 0.8073930144309998, 0.882956862449646, 0.9226957559585571]
 Testing Label Acc: [0.9673469662666321, 0.9814978241920471, 0.8614341020584106, 0.9297029972076416, 0.8940936923027039, 0.6390134692192078, 0.9572024941444397, 0.13229571282863617, 0.9527720808982849, 0.9167492389678955]
 Testing Label Acc: [0.9785714149475098, 0.9903083443641663, 0.9040697813034058, 0.9297029972076416, 0.914460301399231, 0.47197309136390686, 0.9561586380004883, 0.44163423776626587, 0.9117043018341064, 0.9157581925392151]
 Testing Label Acc: [0.9326530694961548, 0.992951512336731, 0.913759708404541, 0.896039605140686, 0.9205702543258667, 0.30829596519470215, 0.9718163013458252, 0.06225680932402611, 0.9486653208732605, 0.8027750253677368]
 Testing Label Acc: [0.9795918464660645, 0.9964757561683655, 0.729651153087616, 0.8801980018615723, 0.92769855260849, 0.12780268490314484, 0.9519832730293274, 0.0019455252913758159, 0.8377823233604431, 0.799801766872406]
 Testing Label Acc: [0.9693877696990967, 0.9876651763916016, 0.9215116500854492, 0.9039604067802429, 0.9205702543258667, 0.7477578520774841, 0.9655532240867615, 0.09824902564287186, 0.9117043018341064, 0.9108027815818787]
 Testing Label Acc: [0.9755101799964905, 0.9876651763916016, 0.9244186282157898, 0.9267326593399048, 0.8920570015907288, 0.7567264437675476, 0.9592902064323425, 0.5953307151794434, 0.9065708518028259, 0.9395440816879272]
 Testing Label Acc: [0.9663265347480774, 0.9867841601371765, 0.8420542478561401, 0.9722772240638733, 0.8574337959289551, 0.15470851957798004, 0.9102296233177185, 0.0, 0.9045174717903137, 0.9316154718399048]
 Testing Label Acc: [0.9795918464660645, 0.9859030842781067, 0.9108527302742004, 0.9207921028137207, 0.8757637739181519, 0.29820626974105835, 0.9551148414611816, 0.0, 0.9209445714950562, 0.9187313914299011]
 Testing Label Acc: [0.9612244963645935, 0.9841409921646118, 0.8914728760719299, 0.9435643553733826, 0.9602851271629333, 0.3643497824668884, 0.9540709853172302, 0.0019455252913758159, 0.953798770904541, 0.7779980301856995]
 Testing Label Acc: [0.972449004650116, 0.9911894202232361, 0.8788759708404541, 0.9207921028137207, 0.8737270832061768, 0.5952914953231812, 0.9697285890579224, 0.08268482238054276, 0.9240246415138245, 0.9207136034965515]
 Testing Label Acc: [0.9734693765640259, 0.9920704960823059, 0.8798449635505676, 0.9247524738311768, 0.9185336232185364, 0.7062780261039734, 0.9655532240867615, 0.0009727626456879079, 0.872689962387085, 0.8919722437858582]
 Testing Label Acc: [0.9806122183799744, 0.9903083443641663, 0.9069767594337463, 0.9356435537338257, 0.8839103579521179, 0.652466356754303, 0.9572024941444397, 0.8735408782958984, 0.9096509218215942, 0.9266600608825684]
 Testing Label Acc: [0.9693877696990967, 0.983259916305542, 0.8527131676673889, 0.9554455280303955, 0.8075356483459473, 0.41479820013046265, 0.962421715259552, 0.0, 0.9147843718528748, 0.9425173401832581]
 Testing Label Acc: [0.9438775777816772, 0.9585903286933899, 0.817829430103302, 0.9811881184577942, 0.8095722794532776, 0.24775785207748413, 0.8945720195770264, 0.0, 0.9260780215263367, 0.8909811973571777]
 Testing Label Acc: [0.972449004650116, 0.9885462522506714, 0.9127907156944275, 0.9326732754707336, 0.9002036452293396, 0.615470826625824, 0.9509394764900208, 0.6702334880828857, 0.9322382211685181, 0.9256689548492432]
 Testing Label Acc: [0.9755101799964905, 0.9894273281097412, 0.9215116500854492, 0.9168316721916199, 0.9083502888679504, 0.7802690863609314, 0.9488517642021179, 0.8122568130493164, 0.9271047115325928, 0.9335976243019104]
 Testing Label Acc: [0.9795918464660645, 0.9867841601371765, 0.8905038833618164, 0.8990098834037781, 0.9521384835243225, 0.5358744263648987, 0.9394571781158447, 0.6566147804260254, 0.9250513315200806, 0.8701685070991516]
 Testing Label Acc: [0.9775510430335999, 0.9920704960823059, 0.8924418687820435, 0.9297029972076416, 0.9022403359413147, 0.5908071994781494, 0.9519832730293274, 0.4970817267894745, 0.8973305821418762, 0.9335976243019104]
 Testing Label Acc: [0.9765306115150452, 0.9920704960823059, 0.8711240291595459, 0.9425742626190186, 0.8594704866409302, 0.37892377376556396, 0.9467641115188599, 0.0, 0.9271047115325928, 0.9454905986785889]
 Testing Label Acc: [0.972449004650116, 0.9903083443641663, 0.932170569896698, 0.9227722883224487, 0.8778004050254822, 0.6591928005218506, 0.9645093679428101, 0.5856031179428101, 0.9281314015388489, 0.9326065182685852]
 Testing Label Acc: [0.9642857313156128, 0.9885462522506714, 0.9389534592628479, 0.9277227520942688, 0.8716904520988464, 0.5964125394821167, 0.968684732913971, 0.49221789836883545, 0.9158110618591309, 0.9256689548492432]
 Testing Label Acc: [0.9775510430335999, 0.9894273281097412, 0.8895348906517029, 0.9455445408821106, 0.9012219905853271, 0.6423766613006592, 0.962421715259552, 0.0019455252913758159, 0.9250513315200806, 0.9236868023872375]
 Testing Label Acc: [0.9714285731315613, 0.992951512336731, 0.9069767594337463, 0.908910870552063, 0.9215885996818542, 0.20739910006523132, 0.9394571781158447, 0.3540855944156647, 0.9455851912498474, 0.9187313914299011]
 Testing Label Acc: [0.9734693765640259, 0.9964757561683655, 0.75, 0.8435643315315247, 0.9501018524169922, 0.020179372280836105, 0.9498956203460693, 0.3803502023220062, 0.8521560430526733, 0.6580772995948792]
 Testing Label Acc: [0.9734693765640259, 0.9903083443641663, 0.9263566136360168, 0.9415841698646545, 0.862525463104248, 0.7701793909072876, 0.9592902064323425, 0.5972762703895569, 0.9229979515075684, 0.9385530352592468]
 Testing Label Acc: [0.9602040648460388, 0.9911894202232361, 0.8740310072898865, 0.9495049715042114, 0.8961303234100342, 0.2735426127910614, 0.9498956203460693, 0.0, 0.9404517412185669, 0.8671952486038208]
 Testing Label Acc: [0.9775510430335999, 0.9867841601371765, 0.9195736646652222, 0.9257425665855408, 0.9022403359413147, 0.5773542523384094, 0.9457202553749084, 0.6381322741508484, 0.9301847815513611, 0.9444994926452637]
 Testing Label Acc: [0.9775510430335999, 0.9903083443641663, 0.9156976938247681, 0.9455445408821106, 0.932790219783783, 0.5795964002609253, 0.9561586380004883, 0.5204280018806458, 0.9127309918403625, 0.9028741121292114]
 Testing Label Acc: [0.9642857313156128, 0.9859030842781067, 0.8963178396224976, 0.9564356207847595, 0.9490835070610046, 0.48430493474006653, 0.9478079080581665, 0.0, 0.9640657305717468, 0.7611496448516846]
 Testing Label Acc: [0.9744898080825806, 0.9903083443641663, 0.9156976938247681, 0.9366336464881897, 0.9012219905853271, 0.6704035997390747, 0.9572024941444397, 0.6653696298599243, 0.9353182911872864, 0.9326065182685852]
 Testing Label Acc: [0.9775510430335999, 0.992951512336731, 0.8711240291595459, 0.9643564224243164, 0.7993890047073364, 0.45852017402648926, 0.9572024941444397, 0.0038910505827516317, 0.9209445714950562, 0.9375619292259216]
 Testing Label Acc: [0.9795918464660645, 0.9911894202232361, 0.8963178396224976, 0.9267326593399048, 0.9297352433204651, 0.7343049049377441, 0.9645093679428101, 0.6527237296104431, 0.9168378114700317, 0.8919722437858582]
 Testing Label Acc: [0.9775510430335999, 0.9947136640548706, 0.815891444683075, 0.9514851570129395, 0.8961303234100342, 0.36547085642814636, 0.944676399230957, 0.0, 0.9168378114700317, 0.901883065700531]
 Testing Label Acc: [0.9765306115150452, 0.9797356724739075, 0.9205426573753357, 0.9663366079330444, 0.6476578116416931, 0.15807174146175385, 0.9561586380004883, 0.0, 0.8983572721481323, 0.9137760400772095]
 Testing Label Acc: [0.9826530814170837, 0.9885462522506714, 0.9069767594337463, 0.9237623810768127, 0.904276967048645, 0.8262332081794739, 0.9582463502883911, 0.6731517314910889, 0.9301847815513611, 0.9345887303352356]
 Testing Label Acc: [0.9551020264625549, 0.9894273281097412, 0.9234496355056763, 0.9415841698646545, 0.8920570015907288, 0.6457399129867554, 0.9749478101730347, 0.0, 0.9127309918403625, 0.9236868023872375]
 Testing Label Acc: [0.9806122183799744, 0.9876651763916016, 0.9069767594337463, 0.9306930899620056, 0.904276967048645, 0.6748878955841064, 0.9498956203460693, 0.8424124717712402, 0.9281314015388489, 0.9306243658065796]
 Testing Label Acc: [0.9693877696990967, 0.9806167483329773, 0.8895348906517029, 0.9564356207847595, 0.8014256358146667, 0.45179373025894165, 0.9290187954902649, 0.0, 0.9599589109420776, 0.9474727511405945]
 Testing Label Acc: [0.9755101799964905, 0.9903083443641663, 0.913759708404541, 0.9554455280303955, 0.8788187503814697, 0.554932713508606, 0.9561586380004883, 0.7480545043945312, 0.9209445714950562, 0.9464816451072693]
 Testing Label Acc: [0.9714285731315613, 0.9867841601371765, 0.9253876209259033, 0.9267326593399048, 0.9022403359413147, 0.7724215388298035, 0.9665970802307129, 0.3774318993091583, 0.9260780215263367, 0.928642213344574]
 Testing Label Acc: [0.9775510430335999, 0.9850220084190369, 0.9011628031730652, 0.9009901285171509, 0.9460285305976868, 0.5179372429847717, 0.9467641115188599, 0.0, 0.9445585012435913, 0.7789890766143799]
 Testing Label Acc: [0.9795918464660645, 0.9911894202232361, 0.9156976938247681, 0.9405940771102905, 0.9256619215011597, 0.6614349484443665, 0.9592902064323425, 0.34533074498176575, 0.9229979515075684, 0.9167492389678955]
 Testing Label Acc: [0.954081654548645, 0.9806167483329773, 0.895348846912384, 0.9455445408821106, 0.8472505211830139, 0.4798206388950348, 0.9780793190002441, 0.5914396643638611, 0.9517453908920288, 0.9494549036026001]
 Testing Label Acc: [0.9765306115150452, 0.9859030842781067, 0.8624030947685242, 0.9396039843559265, 0.8411405086517334, 0.40807175636291504, 0.9718163013458252, 0.5875486135482788, 0.9229979515075684, 0.9534192085266113]
 Testing Label Acc: [0.9755101799964905, 0.9885462522506714, 0.8468992114067078, 0.9029703140258789, 0.9002036452293396, 0.6378923654556274, 0.9676409363746643, 0.0, 0.9425051212310791, 0.9306243658065796]
 Testing Label Acc: [0.9806122183799744, 0.9920704960823059, 0.9031007885932922, 0.9237623810768127, 0.9470468163490295, 0.4360986649990082, 0.924843430519104, 0.0, 0.9147843718528748, 0.8939543962478638]
 Testing Label Acc: [0.981632649898529, 0.9867841601371765, 0.9379844665527344, 0.9455445408821106, 0.904276967048645, 0.6098654866218567, 0.9509394764900208, 0.4630350172519684, 0.9322382211685181, 0.928642213344574]
 Testing Label Acc: [0.9795918464660645, 0.9911894202232361, 0.9186046719551086, 0.896039605140686, 0.9562118053436279, 0.4293721914291382, 0.9467641115188599, 0.19455252587795258, 0.8655030727386475, 0.7135778069496155]
 Testing Label Acc: [0.9836734533309937, 0.9920704960823059, 0.9147287011146545, 0.9386138319969177, 0.92769855260849, 0.7118834257125854, 0.9415448904037476, 0.5029183030128479, 0.9342916011810303, 0.928642213344574]
 Testing Label Acc: [0.9775510430335999, 0.9894273281097412, 0.9224806427955627, 0.9198019504547119, 0.9643584489822388, 0.8172645568847656, 0.9415448904037476, 0.7285992503166199, 0.9332649111747742, 0.8870168328285217]
 Testing Label Acc: [0.9795918464660645, 0.983259916305542, 0.9186046719551086, 0.9445544481277466, 0.8523421883583069, 0.5033632516860962, 0.9519832730293274, 0.4319066107273102, 0.9435318112373352, 0.9425173401832581]
 Testing Label Acc: [0.972449004650116, 0.9911894202232361, 0.8720930218696594, 0.9504950642585754, 0.9256619215011597, 0.7556053996086121, 0.9603340029716492, 0.12645913660526276, 0.929158091545105, 0.904856264591217]
