 Testing Label Acc: [0.9765306115150452, 0.9251101613044739, 0.8430232405662537, 0.7376237511634827, 0.19857433438301086, 0.02802690491080284, 0.9091858267784119, 0.0, 0.19917865097522736, 0.9494549036026001]
 Testing Label Acc: [0.981632649898529, 0.9735682606697083, 0.8023256063461304, 0.7435643672943115, 0.43075355887413025, 0.11434977501630783, 0.8350730538368225, 0.0, 0.1067761778831482, 0.9038652181625366]
 Testing Label Acc: [0.9581632614135742, 0.9418502449989319, 0.6705426573753357, 0.8544554710388184, 0.7311608791351318, 0.43834081292152405, 0.9133611917495728, 0.7947470545768738, 0.7063655257225037, 0.6897918581962585]
 Testing Label Acc: [0.9928571581840515, 0.9092510938644409, 0.8556201457977295, 0.7970296740531921, 0.0773930773139, 0.0022421525791287422, 0.8684759736061096, 0.0, 0.3203285336494446, 0.9306243658065796]
 Testing Label Acc: [0.9561224579811096, 0.9127753376960754, 0.8982558250427246, 0.6861386299133301, 0.753564178943634, 0.1098654717206955, 0.9164927005767822, 0.0, 0.48049280047416687, 0.6967294216156006]
 Testing Label Acc: [0.9755101799964905, 0.8863435983657837, 0.8856589198112488, 0.8079208135604858, 0.3615071177482605, 0.4226457476615906, 0.8789144158363342, 0.1186770424246788, 0.3932238221168518, 0.8493558168411255]
 Testing Label Acc: [0.968367338180542, 0.9215859174728394, 0.817829430103302, 0.8891088962554932, 0.8890020251274109, 0.13116592168807983, 0.8914405107498169, 0.0, 0.6981519460678101, 0.5104063153266907]
 Testing Label Acc: [0.972449004650116, 0.9365638494491577, 0.8672480583190918, 0.7722772359848022, 0.3065173029899597, 0.1233183890581131, 0.9112734794616699, 0.0, 0.5092402696609497, 0.9058473706245422]
 Testing Label Acc: [0.9714285731315613, 0.9286343455314636, 0.8439922332763672, 0.9257425665855408, 0.9083502888679504, 0.09192825108766556, 0.8371607661247253, 0.0, 0.48357290029525757, 0.4856293499469757]
 Testing Label Acc: [0.9663265347480774, 0.9894273281097412, 0.7199612259864807, 0.8544554710388184, 0.6496945023536682, 0.0022421525791287422, 0.9540709853172302, 0.0, 0.08213552087545395, 0.725470781326294]
 Testing Label Acc: [0.9755101799964905, 0.9577092528343201, 0.8914728760719299, 0.8504950404167175, 0.8930753469467163, 0.8127802610397339, 0.8862212896347046, 0.7470816969871521, 0.7854209542274475, 0.7978196144104004]
 Testing Label Acc: [0.9622448682785034, 0.9674009084701538, 0.8846899271011353, 0.8564356565475464, 0.7260692715644836, 0.7432735562324524, 0.9269310832023621, 0.7548637986183167, 0.8018480539321899, 0.8761149644851685]
 Testing Label Acc: [0.9755101799964905, 0.9638766646385193, 0.8217054009437561, 0.89207923412323, 0.6364561915397644, 0.4529148042201996, 0.9363256692886353, 0.2976653575897217, 0.8316221833229065, 0.8860257863998413]
 Testing Label Acc: [0.9357143044471741, 0.9215859174728394, 0.8866279125213623, 0.8366336822509766, 0.9215885996818542, 0.8587443828582764, 0.942588746547699, 0.7538910508155823, 0.7351129651069641, 0.30624380707740784]
 Testing Label Acc: [0.9867346882820129, 0.9524229168891907, 0.817829430103302, 0.9237623810768127, 0.9103869795799255, 0.7421524524688721, 0.8736951947212219, 0.24124513566493988, 0.7659137845039368, 0.6382557153701782]
 Testing Label Acc: [0.9612244963645935, 0.9638766646385193, 0.8343023061752319, 0.8900989890098572, 0.7708757519721985, 0.6412556171417236, 0.9436325430870056, 0.475680947303772, 0.8162217736244202, 0.8315163254737854]
 Testing Label Acc: [0.954081654548645, 0.9638766646385193, 0.8866279125213623, 0.7376237511634827, 0.7484725117683411, 0.8856502175331116, 0.9373695254325867, 0.1624513566493988, 0.6889116764068604, 0.759167492389679]
 Testing Label Acc: [0.9795918464660645, 0.9726872444152832, 0.8430232405662537, 0.9128713011741638, 0.9490835070610046, 0.6266816258430481, 0.8924843668937683, 0.5126459002494812, 0.8275154232978821, 0.37561941146850586]
 Testing Label Acc: [0.9132652878761292, 0.9788545966148376, 0.8720930218696594, 0.8178218007087708, 0.5305498838424683, 0.8026905655860901, 0.968684732913971, 0.10214007645845413, 0.6252566576004028, 0.8245787620544434]
 Testing Label Acc: [0.9469387531280518, 0.949779748916626, 0.9069767594337463, 0.7821782231330872, 0.6873726844787598, 0.8441703915596008, 0.893528163433075, 0.46011674404144287, 0.8891170620918274, 0.8543112277984619]
 Testing Label Acc: [0.972449004650116, 0.9911894202232361, 0.8905038833618164, 0.9029703140258789, 0.8655804395675659, 0.7903587222099304, 0.9530271291732788, 0.31031128764152527, 0.7987679839134216, 0.8681862950325012]
 Testing Label Acc: [0.9795918464660645, 0.9541850090026855, 0.9195736646652222, 0.8712871074676514, 0.862525463104248, 0.8082959651947021, 0.9540709853172302, 0.2558365762233734, 0.8121150135993958, 0.8969276547431946]
 Testing Label Acc: [0.972449004650116, 0.9788545966148376, 0.9040697813034058, 0.9009901285171509, 0.9246435761451721, 0.8385650515556335, 0.9405010342597961, 0.0009727626456879079, 0.8552361130714417, 0.7601585984230042]
 Testing Label Acc: [0.9785714149475098, 0.983259916305542, 0.854651153087616, 0.9039604067802429, 0.8900203704833984, 0.7365471124649048, 0.924843430519104, 0.4659533202648163, 0.8275154232978821, 0.8989098072052002]
 Testing Label Acc: [0.9510204195976257, 0.9859030842781067, 0.8478682041168213, 0.7633663415908813, 0.8533604741096497, 0.7858744263648987, 0.9665970802307129, 0.37645915150642395, 0.9045174717903137, 0.8612487316131592]
 Testing Label Acc: [0.9846938848495483, 0.9726872444152832, 0.9244186282157898, 0.8633663654327393, 0.8940936923027039, 0.7208520174026489, 0.931106448173523, 0.12645913660526276, 0.8501026630401611, 0.8245787620544434]
 Testing Label Acc: [0.9755101799964905, 0.9709250926971436, 0.9011628031730652, 0.8673267364501953, 0.8747454285621643, 0.8531390428543091, 0.9394571781158447, 0.798638105392456, 0.8080081939697266, 0.8681862950325012]
 Testing Label Acc: [0.9673469662666321, 0.9365638494491577, 0.9224806427955627, 0.8801980018615723, 0.9246435761451721, 0.8172645568847656, 0.9540709853172302, 0.0, 0.7566735148429871, 0.8632309436798096]
 Testing Label Acc: [0.9897959232330322, 0.9524229168891907, 0.8885658979415894, 0.909900963306427, 0.9134419560432434, 0.6535874605178833, 0.8956158757209778, 0.3404669165611267, 0.9014373421669006, 0.8751238584518433]
 Testing Label Acc: [0.9826530814170837, 0.976211428642273, 0.8827519416809082, 0.9217821955680847, 0.9154785871505737, 0.6390134692192078, 0.9540709853172302, 0.0009727626456879079, 0.7032853960990906, 0.8523290157318115]
 Testing Label Acc: [0.9734693765640259, 0.9480175971984863, 0.8905038833618164, 0.8792079091072083, 0.9501018524169922, 0.8598654866218567, 0.9551148414611816, 0.47665369510650635, 0.9127309918403625, 0.8513379693031311]
 Testing Label Acc: [0.9316326379776001, 0.9744493365287781, 0.9050387740135193, 0.9207921028137207, 0.9470468163490295, 0.7186098694801331, 0.9572024941444397, 0.0, 0.895277202129364, 0.7829534411430359]
 Testing Label Acc: [0.9704081416130066, 0.9894273281097412, 0.9060077667236328, 0.9049504995346069, 0.9185336232185364, 0.7343049049377441, 0.9509394764900208, 0.698443591594696, 0.826488733291626, 0.894945502281189]
 Testing Label Acc: [0.9714285731315613, 0.9674009084701538, 0.895348846912384, 0.9029703140258789, 0.9195519089698792, 0.841928243637085, 0.9582463502883911, 0.008754863403737545, 0.8973305821418762, 0.8354806900024414]
 Testing Label Acc: [0.9744898080825806, 0.976211428642273, 0.9234496355056763, 0.9465346336364746, 0.9052953124046326, 0.8318385481834412, 0.9175365567207336, 0.046692606061697006, 0.8408623933792114, 0.9187313914299011]
 Testing Label Acc: [0.9785714149475098, 0.9894273281097412, 0.9079457521438599, 0.9118812084197998, 0.8503054976463318, 0.8004484176635742, 0.9478079080581665, 0.6964980363845825, 0.7710472345352173, 0.894945502281189]
 Testing Label Acc: [0.9806122183799744, 0.9876651763916016, 0.876937985420227, 0.8841584324836731, 0.8706721067428589, 0.6614349484443665, 0.9540709853172302, 0.0, 0.9147843718528748, 0.9058473706245422]
 Testing Label Acc: [0.9714285731315613, 0.9797356724739075, 0.9050387740135193, 0.9029703140258789, 0.8940936923027039, 0.8609865307807922, 0.9415448904037476, 0.8472762703895569, 0.8655030727386475, 0.8889989852905273]
 Testing Label Acc: [0.936734676361084, 0.9894273281097412, 0.8837209343910217, 0.8742574453353882, 0.8401222229003906, 0.9091928005218506, 0.9519832730293274, 0.6235408782958984, 0.8418891429901123, 0.8850346803665161]
 Testing Label Acc: [0.9714285731315613, 0.9735682606697083, 0.8972868323326111, 0.8544554710388184, 0.8645620942115784, 0.9147982001304626, 0.9457202553749084, 0.7889105081558228, 0.8963038921356201, 0.8999009132385254]
 Testing Label Acc: [0.9765306115150452, 0.9885462522506714, 0.911821722984314, 0.9178217649459839, 0.8890020251274109, 0.8822869658470154, 0.9519832730293274, 0.8326848149299622, 0.8716632723808289, 0.9157581925392151]
 Testing Label Acc: [0.9887754917144775, 0.9894273281097412, 0.9186046719551086, 0.8207920789718628, 0.8839103579521179, 0.9327354431152344, 0.9258872866630554, 0.7285992503166199, 0.8716632723808289, 0.8979187607765198]
 Testing Label Acc: [0.9785714149475098, 0.983259916305542, 0.9224806427955627, 0.9019802212715149, 0.9256619215011597, 0.865470826625824, 0.944676399230957, 0.798638105392456, 0.8716632723808289, 0.8989098072052002]
 Testing Label Acc: [0.9693877696990967, 0.992951512336731, 0.815891444683075, 0.9178217649459839, 0.8543788194656372, 0.902466356754303, 0.9561586380004883, 0.0077821011655032635, 0.8357289433479309, 0.9435084462165833]
 Testing Label Acc: [0.9775510430335999, 0.9850220084190369, 0.8633720874786377, 0.7831683158874512, 0.8065173029899597, 0.8542600870132446, 0.9697285890579224, 0.10408560186624527, 0.9240246415138245, 0.8721506595611572]
 Testing Label Acc: [0.9622448682785034, 0.9585903286933899, 0.9205426573753357, 0.9029703140258789, 0.8798370957374573, 0.8733183741569519, 0.9592902064323425, 0.1566147804260254, 0.8963038921356201, 0.8840436339378357]
 Testing Label Acc: [0.9693877696990967, 0.9823788404464722, 0.9312015771865845, 0.89207923412323, 0.8951120376586914, 0.9248878955841064, 0.9081419706344604, 0.7636186480522156, 0.8069815039634705, 0.9187313914299011]
 Testing Label Acc: [0.9775510430335999, 0.9682819247245789, 0.9079457521438599, 0.894059419631958, 0.8940936923027039, 0.9192824959754944, 0.9540709853172302, 0.5389105081558228, 0.8963038921356201, 0.8939543962478638]
 Testing Label Acc: [0.972449004650116, 0.9744493365287781, 0.9021317958831787, 0.8990098834037781, 0.9185336232185364, 0.7858744263648987, 0.9561586380004883, 0.19455252587795258, 0.9404517412185669, 0.9008919596672058]
 Testing Label Acc: [0.9785714149475098, 0.9867841601371765, 0.895348846912384, 0.9247524738311768, 0.9154785871505737, 0.8621076345443726, 0.9415448904037476, 0.7723735570907593, 0.870636522769928, 0.9157581925392151]
 Testing Label Acc: [0.9795918464660645, 0.9770925045013428, 0.911821722984314, 0.8861386179924011, 0.8940936923027039, 0.9114349484443665, 0.9613778591156006, 0.7704280018806458, 0.9209445714950562, 0.9226957559585571]
 Testing Label Acc: [0.981632649898529, 0.9920704960823059, 0.9021317958831787, 0.9138613939285278, 0.92769855260849, 0.8318385481834412, 0.962421715259552, 0.4309338629245758, 0.8963038921356201, 0.9058473706245422]
 Testing Label Acc: [0.9795918464660645, 0.9894273281097412, 0.8905038833618164, 0.9108911156654358, 0.9592667818069458, 0.8733183741569519, 0.9530271291732788, 0.7694552540779114, 0.8788501024246216, 0.8721506595611572]
 Testing Label Acc: [0.972449004650116, 0.9806167483329773, 0.944767415523529, 0.8792079091072083, 0.9287168979644775, 0.8396860957145691, 0.9645093679428101, 0.5739299654960632, 0.9147843718528748, 0.8830525279045105]
 Testing Label Acc: [0.9734693765640259, 0.983259916305542, 0.932170569896698, 0.9683168530464172, 0.9358451962471008, 0.584080696105957, 0.9029227495193481, 0.0, 0.7371663451194763, 0.8850346803665161]
 Testing Label Acc: [0.9653061032295227, 0.9867841601371765, 0.9244186282157898, 0.9138613939285278, 0.8971486687660217, 0.9517937302589417, 0.9551148414611816, 0.24124513566493988, 0.8531827330589294, 0.8780971169471741]
 Testing Label Acc: [0.9857142567634583, 0.9903083443641663, 0.9098837375640869, 0.9158415794372559, 0.9052953124046326, 0.8632286787033081, 0.9290187954902649, 0.6225680708885193, 0.9034907817840576, 0.9187313914299011]
 Testing Label Acc: [0.9826530814170837, 0.983259916305542, 0.911821722984314, 0.9277227520942688, 0.9022403359413147, 0.8721973299980164, 0.9540709853172302, 0.8190661668777466, 0.9045174717903137, 0.9177403450012207]
 Testing Label Acc: [0.9642857313156128, 0.9867841601371765, 0.9127907156944275, 0.906930685043335, 0.9378818869590759, 0.9708520174026489, 0.9394571781158447, 0.0, 0.7895277142524719, 0.8671952486038208]
 Testing Label Acc: [0.9806122183799744, 0.9859030842781067, 0.9011628031730652, 0.8772277235984802, 0.8981670141220093, 0.8968609571456909, 0.9478079080581665, 0.05155641958117485, 0.9096509218215942, 0.9306243658065796]
 Testing Label Acc: [0.9714285731315613, 0.9859030842781067, 0.9166666865348816, 0.9128713011741638, 0.9389002323150635, 0.9125560522079468, 0.962421715259552, 0.8064202070236206, 0.8911704421043396, 0.9058473706245422]
 Testing Label Acc: [0.9744898080825806, 0.9806167483329773, 0.932170569896698, 0.9148514866828918, 0.8645620942115784, 0.9439461827278137, 0.9384133815765381, 0.0875486359000206, 0.9178645014762878, 0.9573835730552673]
 Testing Label Acc: [0.9775510430335999, 0.9850220084190369, 0.9147287011146545, 0.9277227520942688, 0.9195519089698792, 0.8598654866218567, 0.9603340029716492, 0.7821011543273926, 0.9024640917778015, 0.9276511669158936]
 Testing Label Acc: [0.9806122183799744, 0.9894273281097412, 0.9021317958831787, 0.896039605140686, 0.9012219905853271, 0.945067286491394, 0.9572024941444397, 0.5583657622337341, 0.907597541809082, 0.9435084462165833]
 Testing Label Acc: [0.981632649898529, 0.9533039927482605, 0.8013566136360168, 0.5326732397079468, 0.7138493061065674, 0.9058296084403992, 0.942588746547699, 0.15077820420265198, 0.9835729002952576, 0.7760158777236938]
 Testing Label Acc: [0.9806122183799744, 0.9885462522506714, 0.9399224519729614, 0.9247524738311768, 0.9195519089698792, 0.7937219738960266, 0.962421715259552, 0.2558365762233734, 0.9014373421669006, 0.908820629119873]
 Testing Label Acc: [0.9785714149475098, 0.9770925045013428, 0.9108527302742004, 0.9237623810768127, 0.9002036452293396, 0.926008939743042, 0.9363256692886353, 0.8035019636154175, 0.9014373421669006, 0.9345887303352356]
 Testing Label Acc: [0.981632649898529, 0.9779735803604126, 0.893410861492157, 0.9118812084197998, 0.9307535886764526, 0.9091928005218506, 0.9478079080581665, 0.5865758657455444, 0.9147843718528748, 0.928642213344574]
 Testing Label Acc: [0.9806122183799744, 0.9911894202232361, 0.9001938104629517, 0.9257425665855408, 0.8839103579521179, 0.5795964002609253, 0.9373695254325867, 0.3560311198234558, 0.9548254609107971, 0.9345887303352356]
 Testing Label Acc: [0.9785714149475098, 0.9612334966659546, 0.9156976938247681, 0.9188118577003479, 0.9164969325065613, 0.841928243637085, 0.9613778591156006, 0.5301556587219238, 0.9024640917778015, 0.9068384766578674]
 Testing Label Acc: [0.981632649898529, 0.9806167483329773, 0.9156976938247681, 0.909900963306427, 0.914460301399231, 0.9192824959754944, 0.9572024941444397, 0.7607004046440125, 0.9106776118278503, 0.9405351877212524]
 Testing Label Acc: [0.9887754917144775, 0.9920704960823059, 0.9292635917663574, 0.9029703140258789, 0.9236252307891846, 0.8878923654556274, 0.9561586380004883, 0.4902723729610443, 0.8839835524559021, 0.9147670865058899]
 Testing Label Acc: [0.9765306115150452, 0.9894273281097412, 0.9205426573753357, 0.9009901285171509, 0.9307535886764526, 0.939461886882782, 0.9540709853172302, 0.3560311198234558, 0.8767967224121094, 0.9137760400772095]
 Testing Label Acc: [0.9734693765640259, 0.9867841601371765, 0.9360465407371521, 0.9356435537338257, 0.9073320031166077, 0.9170403480529785, 0.9665970802307129, 0.6585603356361389, 0.9394250512123108, 0.9345887303352356]
 Testing Label Acc: [0.968367338180542, 0.9947136640548706, 0.9360465407371521, 0.9752475023269653, 0.9898167252540588, 0.7118834257125854, 0.9394571781158447, 0.0, 0.6098562479019165, 0.8126858472824097]
 Testing Label Acc: [0.9561224579811096, 0.983259916305542, 0.9263566136360168, 0.8881188035011292, 0.9164969325065613, 0.9607623219490051, 0.9551148414611816, 0.0, 0.9363449811935425, 0.8889989852905273]
 Testing Label Acc: [0.9826530814170837, 0.9876651763916016, 0.9001938104629517, 0.9277227520942688, 0.9317718744277954, 0.9125560522079468, 0.942588746547699, 0.8988326787948608, 0.9106776118278503, 0.9177403450012207]
 Testing Label Acc: [0.9775510430335999, 0.9894273281097412, 0.913759708404541, 0.9336633682250977, 0.9266802668571472, 0.8878923654556274, 0.9572024941444397, 0.8122568130493164, 0.9004106521606445, 0.9187313914299011]
 Testing Label Acc: [0.9255102276802063, 0.9621145129203796, 0.9195736646652222, 0.7603960633277893, 0.9572301506996155, 0.9966367483139038, 0.9144049882888794, 0.0, 0.7885010242462158, 0.7859266400337219]
 Testing Label Acc: [0.9857142567634583, 0.992951512336731, 0.911821722984314, 0.89207923412323, 0.909368634223938, 0.9248878955841064, 0.9478079080581665, 0.35505837202072144, 0.9014373421669006, 0.9335976243019104]
 Testing Label Acc: [0.9857142567634583, 0.983259916305542, 0.9224806427955627, 0.9356435537338257, 0.9409368634223938, 0.8968609571456909, 0.9572024941444397, 0.6235408782958984, 0.9117043018341064, 0.9187313914299011]
 Testing Label Acc: [0.9836734533309937, 0.9894273281097412, 0.9331395626068115, 0.9277227520942688, 0.9195519089698792, 0.9293721914291382, 0.9478079080581665, 0.5097275972366333, 0.9117043018341064, 0.9514370560646057]
 Testing Label Acc: [0.9826530814170837, 0.9850220084190369, 0.9176356792449951, 0.8811880946159363, 0.951120138168335, 0.8363228440284729, 0.9665970802307129, 0.05350194498896599, 0.9363449811935425, 0.8513379693031311]
 Testing Label Acc: [0.9775510430335999, 0.9885462522506714, 0.9389534592628479, 0.9316831827163696, 0.9368635416030884, 0.9349775910377502, 0.9592902064323425, 0.9163424372673035, 0.9158110618591309, 0.9266600608825684]
 Testing Label Acc: [0.949999988079071, 0.6845815181732178, 0.555232584476471, 0.13762375712394714, 0.3594704568386078, 0.6221973299980164, 0.6764091849327087, 0.0, 0.9979466199874878, 0.5441030859947205]
 Testing Label Acc: [0.9877551198005676, 0.9876651763916016, 0.9282945990562439, 0.9277227520942688, 0.9429734945297241, 0.8408071994781494, 0.9665970802307129, 0.551556408405304, 0.8562628626823425, 0.9405351877212524]
 Testing Label Acc: [0.9836734533309937, 0.9885462522506714, 0.9263566136360168, 0.9257425665855408, 0.9236252307891846, 0.9293721914291382, 0.9415448904037476, 0.7772373557090759, 0.9353182911872864, 0.9316154718399048]
 Testing Label Acc: [0.9806122183799744, 0.976211428642273, 0.9370155334472656, 0.9188118577003479, 0.9124236106872559, 0.931614339351654, 0.9592902064323425, 0.5797665119171143, 0.9229979515075684, 0.9405351877212524]
 Testing Label Acc: [0.981632649898529, 0.9911894202232361, 0.9253876209259033, 0.9435643553733826, 0.837067186832428, 0.6199551820755005, 0.9561586380004883, 0.7538910508155823, 0.9558521509170532, 0.9524281620979309]
 Testing Label Acc: [0.981632649898529, 0.9823788404464722, 0.9050387740135193, 0.9326732754707336, 0.9002036452293396, 0.8901345133781433, 0.9603340029716492, 0.7782101035118103, 0.9209445714950562, 0.9405351877212524]
 Testing Label Acc: [0.9775510430335999, 0.9806167483329773, 0.9186046719551086, 0.9217821955680847, 0.932790219783783, 0.9058296084403992, 0.9540709853172302, 0.811284065246582, 0.9363449811935425, 0.9306243658065796]
 Testing Label Acc: [0.9826530814170837, 0.9823788404464722, 0.9253876209259033, 0.9376237392425537, 0.9317718744277954, 0.9405829310417175, 0.9467641115188599, 0.7869649529457092, 0.9373716711997986, 0.9385530352592468]
 Testing Label Acc: [0.9112244844436646, 0.9753304123878479, 0.9360465407371521, 0.9267326593399048, 0.8228105902671814, 0.9573991298675537, 0.9676409363746643, 0.07587548345327377, 0.8429158329963684, 0.9514370560646057]
 Testing Label Acc: [0.9755101799964905, 0.9876651763916016, 0.9505813717842102, 0.9346534609794617, 0.9287168979644775, 0.9439461827278137, 0.9634655714035034, 0.7947470545768738, 0.9045174717903137, 0.9385530352592468]
 Testing Label Acc: [0.6959183812141418, 0.992951512336731, 0.9496123790740967, 0.9712871313095093, 0.9918533563613892, 0.08968609571456909, 0.7693110704421997, 0.0, 0.0, 0.007928642444312572]
 Testing Label Acc: [0.9673469662666321, 0.9947136640548706, 0.9195736646652222, 0.9118812084197998, 0.9521384835243225, 0.9517937302589417, 0.9164927005767822, 0.0, 0.9486653208732605, 0.9177403450012207]
 Testing Label Acc: [0.981632649898529, 0.9876651763916016, 0.9186046719551086, 0.9445544481277466, 0.9348269104957581, 0.9215246438980103, 0.9540709853172302, 0.9066147804260254, 0.9158110618591309, 0.9226957559585571]
 Testing Label Acc: [0.9775510430335999, 0.9894273281097412, 0.9273256063461304, 0.9217821955680847, 0.932790219783783, 0.9069506525993347, 0.9582463502883911, 0.5359922051429749, 0.9342916011810303, 0.9365708827972412]
 Testing Label Acc: [0.9795918464660645, 0.976211428642273, 0.9195736646652222, 0.9039604067802429, 0.9439918398857117, 0.9820627570152283, 0.942588746547699, 0.0, 0.9014373421669006, 0.9108027815818787]
 Testing Label Acc: [0.9846938848495483, 0.9885462522506714, 0.9370155334472656, 0.9108911156654358, 0.9378818869590759, 0.9439461827278137, 0.9530271291732788, 0.4367704391479492, 0.9137576818466187, 0.9137760400772095]
 Testing Label Acc: [0.981632649898529, 0.9867841601371765, 0.9234496355056763, 0.9247524738311768, 0.9338085651397705, 0.9248878955841064, 0.9530271291732788, 0.9066147804260254, 0.9199178814888, 0.9335976243019104]
 Testing Label Acc: [0.9846938848495483, 0.9867841601371765, 0.932170569896698, 0.9405940771102905, 0.9358451962471008, 0.9338564872741699, 0.9530271291732788, 0.9153696298599243, 0.9178645014762878, 0.9385530352592468]
 Testing Label Acc: [0.9897959232330322, 0.9938325881958008, 0.8226743936538696, 0.8366336822509766, 0.9592667818069458, 0.5650224089622498, 0.9018788933753967, 0.0, 0.9168378114700317, 0.674925684928894]
 Testing Label Acc: [0.9775510430335999, 0.9911894202232361, 0.9379844665527344, 0.9514851570129395, 0.9164969325065613, 0.9237667918205261, 0.9634655714035034, 0.8346303701400757, 0.9240246415138245, 0.9514370560646057]
 Testing Label Acc: [0.9714285731315613, 0.9118942618370056, 0.8081395626068115, 0.71089106798172, 0.5967413187026978, 0.9843049049377441, 0.944676399230957, 0.44552528858184814, 0.9496920108795166, 0.9217046499252319]
 Testing Label Acc: [0.9897959232330322, 0.9753304123878479, 0.9399224519729614, 0.9396039843559265, 0.914460301399231, 0.8744394779205322, 0.968684732913971, 0.4776264727115631, 0.8911704421043396, 0.9563924670219421]
 Testing Label Acc: [0.9785714149475098, 0.9823788404464722, 0.9331395626068115, 0.9415841698646545, 0.9266802668571472, 0.9417040348052979, 0.9645093679428101, 0.2159533053636551, 0.9240246415138245, 0.935579776763916]
 Testing Label Acc: [0.9744898080825806, 0.9876651763916016, 0.9282945990562439, 0.9455445408821106, 0.9012219905853271, 0.8991031646728516, 0.9665970802307129, 0.6595330834388733, 0.9168378114700317, 0.9544103145599365]
 Testing Label Acc: [0.9704081416130066, 0.9920704960823059, 0.9350775480270386, 0.9376237392425537, 0.8564154505729675, 0.7085201740264893, 0.9812108278274536, 0.31712061166763306, 0.9445585012435913, 0.9464816451072693]
 Testing Label Acc: [0.9846938848495483, 0.9885462522506714, 0.9273256063461304, 0.9336633682250977, 0.9378818869590759, 0.9226457476615906, 0.9540709853172302, 0.8638132214546204, 0.9260780215263367, 0.9296333193778992]
 Testing Label Acc: [0.981632649898529, 0.9859030842781067, 0.9244186282157898, 0.9356435537338257, 0.9358451962471008, 0.926008939743042, 0.9561586380004883, 0.9182879328727722, 0.9147843718528748, 0.9306243658065796]
 Testing Label Acc: [0.9836734533309937, 0.9859030842781067, 0.932170569896698, 0.9366336464881897, 0.9378818869590759, 0.9349775910377502, 0.9498956203460693, 0.9182879328727722, 0.9250513315200806, 0.9425173401832581]
 Testing Label Acc: [0.8346938490867615, 0.9409691691398621, 0.9573643207550049, 0.9336633682250977, 0.8177189230918884, 0.9529147744178772, 0.9488517642021179, 0.6634241342544556, 0.6724845767021179, 0.9236868023872375]
 Testing Label Acc: [0.9836734533309937, 0.9894273281097412, 0.9437984228134155, 0.9316831827163696, 0.9521384835243225, 0.9383407831192017, 0.9530271291732788, 0.8550583720207214, 0.9486653208732605, 0.9385530352592468]
 Testing Label Acc: [0.9857142567634583, 0.9947136640548706, 0.934108555316925, 0.9544554352760315, 0.9786150455474854, 0.6322869658470154, 0.9613778591156006, 0.0, 0.8049281239509583, 0.7869177460670471]
 Testing Label Acc: [0.9806122183799744, 0.9964757561683655, 0.8856589198112488, 0.8762376308441162, 0.9256619215011597, 0.9686098694801331, 0.9415448904037476, 0.0, 0.9117043018341064, 0.9108027815818787]
 Testing Label Acc: [0.9846938848495483, 0.9859030842781067, 0.9331395626068115, 0.9425742626190186, 0.9389002323150635, 0.9204035997390747, 0.9540709853172302, 0.7042801380157471, 0.9404517412185669, 0.9405351877212524]
 Testing Label Acc: [0.981632649898529, 0.983259916305542, 0.9108527302742004, 0.9475247263908386, 0.9480651617050171, 0.894618809223175, 0.9384133815765381, 0.5321011543273926, 0.9630390405654907, 0.9306243658065796]
 Testing Label Acc: [0.9020408391952515, 0.9682819247245789, 0.9021317958831787, 0.684158444404602, 0.9826883673667908, 1.0, 0.869519829750061, 0.0, 0.7813141942024231, 0.799801766872406]
 Testing Label Acc: [0.9857142567634583, 0.9823788404464722, 0.934108555316925, 0.9376237392425537, 0.9317718744277954, 0.9304932951927185, 0.9561586380004883, 0.8297665119171143, 0.9271047115325928, 0.9316154718399048]
 Testing Label Acc: [0.9826530814170837, 0.9859030842781067, 0.9215116500854492, 0.9425742626190186, 0.9470468163490295, 0.9192824959754944, 0.9530271291732788, 0.9182879328727722, 0.9209445714950562, 0.9335976243019104]
 Testing Label Acc: [0.9826530814170837, 0.9885462522506714, 0.9273256063461304, 0.9415841698646545, 0.932790219783783, 0.9439461827278137, 0.9561586380004883, 0.9319066405296326, 0.9209445714950562, 0.9454905986785889]
 Testing Label Acc: [0.9918367266654968, 0.992951512336731, 0.8468992114067078, 0.8306930661201477, 0.9409368634223938, 0.6367713212966919, 0.9185803532600403, 0.0, 0.9373716711997986, 0.8999009132385254]
 Testing Label Acc: [0.9867346882820129, 0.9903083443641663, 0.942829430103302, 0.9396039843559265, 0.9307535886764526, 0.931614339351654, 0.9613778591156006, 0.8326848149299622, 0.9373716711997986, 0.9504460096359253]
 Testing Label Acc: [0.954081654548645, 0.9656387567520142, 0.9292635917663574, 0.8752475380897522, 0.7932790517807007, 0.9831838607788086, 0.9342380166053772, 0.6838521361351013, 0.9301847815513611, 0.9563924670219421]
 Testing Label Acc: [0.9795918464660645, 0.9480175971984863, 0.9418604373931885, 0.9673267602920532, 0.9073320031166077, 0.6905829310417175, 0.9812108278274536, 0.37937742471694946, 0.9034907817840576, 0.9494549036026001]
 Testing Label Acc: [0.972449004650116, 0.9814978241920471, 0.9244186282157898, 0.9495049715042114, 0.8951120376586914, 0.9237667918205261, 0.968684732913971, 0.005836575757712126, 0.9342916011810303, 0.9494549036026001]
 Testing Label Acc: [0.9744898080825806, 0.9859030842781067, 0.944767415523529, 0.9435643553733826, 0.9246435761451721, 0.9338564872741699, 0.9645093679428101, 0.7821011543273926, 0.9363449811935425, 0.9385530352592468]
 Testing Label Acc: [0.9846938848495483, 0.9947136640548706, 0.9186046719551086, 0.909900963306427, 0.7932790517807007, 0.286995530128479, 0.9770354628562927, 0.18871594965457916, 0.9404517412185669, 0.9464816451072693]
 Testing Label Acc: [0.9836734533309937, 0.9788545966148376, 0.934108555316925, 0.9465346336364746, 0.932790219783783, 0.9349775910377502, 0.9540709853172302, 0.8336575627326965, 0.9383983612060547, 0.9316154718399048]
 Testing Label Acc: [0.9806122183799744, 0.9841409921646118, 0.9215116500854492, 0.9435643553733826, 0.9266802668571472, 0.9069506525993347, 0.9665970802307129, 0.4630350172519684, 0.9363449811935425, 0.9464816451072693]
 Testing Label Acc: [0.9867346882820129, 0.9859030842781067, 0.9379844665527344, 0.9465346336364746, 0.9368635416030884, 0.9428251385688782, 0.9582463502883911, 0.9338521361351013, 0.9240246415138245, 0.9435084462165833]
 Testing Label Acc: [0.6224489808082581, 0.883700430393219, 0.9554263353347778, 0.9554455280303955, 0.7036659717559814, 0.9753363132476807, 0.9060542583465576, 0.0, 0.546201229095459, 0.8444004058837891]
 Testing Label Acc: [0.9826530814170837, 0.9876651763916016, 0.9389534592628479, 0.9504950642585754, 0.9480651617050171, 0.9461883306503296, 0.9582463502883911, 0.929961085319519, 0.9342916011810303, 0.9425173401832581]
 Testing Label Acc: [0.9836734533309937, 0.9938325881958008, 0.8691860437393188, 0.9683168530464172, 0.9633401036262512, 0.676008939743042, 0.962421715259552, 0.0, 0.9117043018341064, 0.8146679997444153]
 Testing Label Acc: [0.9826530814170837, 0.9955947399139404, 0.8963178396224976, 0.8722772002220154, 0.9439918398857117, 0.9461883306503296, 0.9540709853172302, 0.03501945361495018, 0.9271047115325928, 0.9375619292259216]
 Testing Label Acc: [0.9877551198005676, 0.983259916305542, 0.9350775480270386, 0.9148514866828918, 0.9175152778625488, 0.9506726264953613, 0.9530271291732788, 0.6780155897140503, 0.941478431224823, 0.9306243658065796]
 Testing Label Acc: [0.972449004650116, 0.9859030842781067, 0.8963178396224976, 0.9405940771102905, 0.9501018524169922, 0.926008939743042, 0.9613778591156006, 0.0, 0.9507187008857727, 0.9335976243019104]
 Testing Label Acc: [0.9602040648460388, 0.9541850090026855, 0.934108555316925, 0.8633663654327393, 0.9837067127227783, 0.9977578520774841, 0.9112734794616699, 0.11381322890520096, 0.8542094230651855, 0.8206144571304321]
 Testing Label Acc: [0.9846938848495483, 0.9859030842781067, 0.9360465407371521, 0.9326732754707336, 0.9429734945297241, 0.9383407831192017, 0.9530271291732788, 0.9289883375167847, 0.9353182911872864, 0.935579776763916]
 Testing Label Acc: [0.981632649898529, 0.9903083443641663, 0.930232584476471, 0.9158415794372559, 0.932790219783783, 0.9461883306503296, 0.9572024941444397, 0.46984437108039856, 0.9342916011810303, 0.9335976243019104]
 Testing Label Acc: [0.981632649898529, 0.9814978241920471, 0.9418604373931885, 0.9415841698646545, 0.92769855260849, 0.9439461827278137, 0.9645093679428101, 0.5136186480522156, 0.9496920108795166, 0.9524281620979309]
 Testing Label Acc: [0.9928571581840515, 1.0, 0.408914715051651, 0.4445544481277466, 0.9429734945297241, 0.01905829645693302, 0.7724425792694092, 0.0, 0.7566735148429871, 0.5936570763587952]
 Testing Label Acc: [0.9846938848495483, 0.9885462522506714, 0.942829430103302, 0.909900963306427, 0.9429734945297241, 0.9708520174026489, 0.9613778591156006, 0.21108949184417725, 0.9219712615013123, 0.9444994926452637]
 Testing Label Acc: [0.9602040648460388, 0.9682819247245789, 0.9418604373931885, 0.8702970147132874, 0.8584521412849426, 0.9831838607788086, 0.9509394764900208, 0.8550583720207214, 0.9209445714950562, 0.9514370560646057]
 Testing Label Acc: [0.9755101799964905, 0.9867841601371765, 0.9437984228134155, 0.9574257135391235, 0.9399185180664062, 0.9226457476615906, 0.9634655714035034, 0.798638105392456, 0.953798770904541, 0.9524281620979309]
 Testing Label Acc: [0.9836734533309937, 0.9850220084190369, 0.934108555316925, 0.9445544481277466, 0.9256619215011597, 0.9473094344139099, 0.9561586380004883, 0.9202334880828857, 0.9271047115325928, 0.9365708827972412]
 Testing Label Acc: [0.9897959232330322, 0.9920704960823059, 0.9292635917663574, 0.9247524738311768, 0.9052953124046326, 0.9091928005218506, 0.9665970802307129, 0.7101167440414429, 0.8963038921356201, 0.9345887303352356]
 Testing Label Acc: [0.9806122183799744, 0.9903083443641663, 0.942829430103302, 0.9405940771102905, 0.8920570015907288, 0.8172645568847656, 0.980167031288147, 0.3599221706390381, 0.9353182911872864, 0.959365725517273]
 Testing Label Acc: [0.9836734533309937, 0.9850220084190369, 0.9360465407371521, 0.9405940771102905, 0.9378818869590759, 0.9461883306503296, 0.9551148414611816, 0.9377431869506836, 0.9301847815513611, 0.9345887303352356]
 Testing Label Acc: [0.9734693765640259, 0.9885462522506714, 0.932170569896698, 0.9415841698646545, 0.9063136577606201, 0.9058296084403992, 0.9749478101730347, 0.3696497976779938, 0.9404517412185669, 0.9464816451072693]
 Testing Label Acc: [0.9867346882820129, 0.9894273281097412, 0.9534883499145508, 0.9277227520942688, 0.9531568288803101, 0.9461883306503296, 0.9613778591156006, 0.5389105081558228, 0.9209445714950562, 0.9435084462165833]
 Testing Label Acc: [0.7520408034324646, 0.7268722653388977, 0.961240291595459, 0.8990098834037781, 0.7352342009544373, 0.9955157041549683, 0.8841336369514465, 0.30544745922088623, 0.6016427278518677, 0.79682856798172]
 Testing Label Acc: [0.9857142567634583, 0.9911894202232361, 0.895348846912384, 0.9584158658981323, 0.9083502888679504, 0.8901345133781433, 0.9655532240867615, 0.32587549090385437, 0.9691991806030273, 0.9484637975692749]
 Testing Label Acc: [0.981632649898529, 0.9911894202232361, 0.9273256063461304, 0.9554455280303955, 0.9572301506996155, 0.9327354431152344, 0.9645093679428101, 0.8424124717712402, 0.9373716711997986, 0.9415262341499329]
 Testing Label Acc: [0.9846938848495483, 0.9885462522506714, 0.9379844665527344, 0.9495049715042114, 0.9419552087783813, 0.9360986351966858, 0.9676409363746643, 0.6274319291114807, 0.9568788409233093, 0.9454905986785889]
 Testing Label Acc: [0.9836734533309937, 0.9841409921646118, 0.9418604373931885, 0.9445544481277466, 0.932790219783783, 0.9506726264953613, 0.968684732913971, 0.3589494228363037, 0.9599589109420776, 0.9316154718399048]
 Testing Label Acc: [0.9755101799964905, 0.9806167483329773, 0.9069767594337463, 0.9356435537338257, 0.9429734945297241, 0.9215246438980103, 0.9634655714035034, 0.631322979927063, 0.9640657305717468, 0.9395440816879272]
 Testing Label Acc: [0.9877551198005676, 0.9691630005836487, 0.9534883499145508, 0.9118812084197998, 0.9378818869590759, 0.9820627570152283, 0.931106448173523, 0.1254863739013672, 0.9209445714950562, 0.9405351877212524]
 Testing Label Acc: [0.9857142567634583, 0.9859030842781067, 0.9370155334472656, 0.9396039843559265, 0.9551934599876404, 0.9551569223403931, 0.9645093679428101, 0.5680933594703674, 0.9517453908920288, 0.9444994926452637]
 Testing Label Acc: [0.9795918464660645, 0.9885462522506714, 0.9399224519729614, 0.9445544481277466, 0.9256619215011597, 0.9439461827278137, 0.9613778591156006, 0.8774319291114807, 0.9322382211685181, 0.9425173401832581]
 Testing Label Acc: [0.9693877696990967, 0.983259916305542, 0.932170569896698, 0.9504950642585754, 0.9266802668571472, 0.931614339351654, 0.9718163013458252, 0.11770427972078323, 0.9630390405654907, 0.9375619292259216]
 Testing Label Acc: [0.9867346882820129, 1.0, 0.5145348906517029, 0.6178217530250549, 0.9246435761451721, 0.3609865605831146, 0.9133611917495728, 0.0, 0.685831606388092, 0.72844398021698]
 Testing Label Acc: [0.9877551198005676, 0.9894273281097412, 0.9651162624359131, 0.9356435537338257, 0.932790219783783, 0.9652466177940369, 0.9572024941444397, 0.6566147804260254, 0.9271047115325928, 0.9514370560646057]
 Testing Label Acc: [0.9785714149475098, 0.9894273281097412, 0.9399224519729614, 0.9564356207847595, 0.8981670141220093, 0.9147982001304626, 0.9707724452018738, 0.0, 0.9507187008857727, 0.9563924670219421]
 Testing Label Acc: [0.9806122183799744, 0.9876651763916016, 0.9399224519729614, 0.9574257135391235, 0.9541751742362976, 0.9439461827278137, 0.9603340029716492, 0.938715934753418, 0.9425051212310791, 0.9415262341499329]
 Testing Label Acc: [0.9826530814170837, 0.9903083443641663, 0.9544573426246643, 0.9336633682250977, 0.9215885996818542, 0.9125560522079468, 0.9749478101730347, 0.5398832559585571, 0.9168378114700317, 0.9573835730552673]
 Testing Label Acc: [0.9795918464660645, 0.9850220084190369, 0.9224806427955627, 0.9425742626190186, 0.9429734945297241, 0.9428251385688782, 0.9645093679428101, 0.9202334880828857, 0.9373716711997986, 0.935579776763916]
 Testing Label Acc: [0.9826530814170837, 0.9894273281097412, 0.9534883499145508, 0.9405940771102905, 0.9287168979644775, 0.8934977650642395, 0.9739039540290833, 0.6001945734024048, 0.9579055309295654, 0.9583746194839478]
 Testing Label Acc: [0.9846938848495483, 0.9700440764427185, 0.9525193572044373, 0.9485148787498474, 0.951120138168335, 0.9248878955841064, 0.9645093679428101, 0.04961089417338371, 0.9455851912498474, 0.9415262341499329]
 Testing Label Acc: [0.9846938848495483, 0.9903083443641663, 0.9292635917663574, 0.9534653425216675, 0.9389002323150635, 0.915919303894043, 0.9613778591156006, 0.8219844102859497, 0.9435318112373352, 0.9474727511405945]
 Testing Label Acc: [0.9887754917144775, 0.9911894202232361, 0.932170569896698, 0.9287128448486328, 0.9429734945297241, 0.9304932951927185, 0.962421715259552, 0.7782101035118103, 0.9312114715576172, 0.9474727511405945]
 Testing Label Acc: [0.968367338180542, 0.9136564135551453, 0.9505813717842102, 0.9237623810768127, 0.8716904520988464, 0.9652466177940369, 0.968684732913971, 0.7285992503166199, 0.9394250512123108, 0.9365708827972412]
 Testing Label Acc: [0.9857142567634583, 0.9903083443641663, 0.9457364082336426, 0.9445544481277466, 0.9450101852416992, 0.9540358781814575, 0.9582463502883911, 0.9319066405296326, 0.9425051212310791, 0.9474727511405945]
 Testing Label Acc: [0.9826530814170837, 0.992951512336731, 0.9186046719551086, 0.9495049715042114, 0.9653767943382263, 0.939461886882782, 0.9634655714035034, 0.4474708139896393, 0.9404517412185669, 0.928642213344574]
 Testing Label Acc: [0.9775510430335999, 0.9885462522506714, 0.9467054009437561, 0.9574257135391235, 0.9541751742362976, 0.9484304785728455, 0.9697285890579224, 0.8696498274803162, 0.9476386308670044, 0.9474727511405945]
 Testing Label Acc: [0.9857142567634583, 0.983259916305542, 0.9156976938247681, 0.908910870552063, 0.9450101852416992, 0.9652466177940369, 0.9509394764900208, 0.01750972680747509, 0.9671458005905151, 0.9207136034965515]
 Testing Label Acc: [0.9826530814170837, 0.9876651763916016, 0.9486433863639832, 0.9366336464881897, 0.9378818869590759, 0.945067286491394, 0.9665970802307129, 0.05252918228507042, 0.9322382211685181, 0.9474727511405945]
 Testing Label Acc: [0.9836734533309937, 0.9903083443641663, 0.9534883499145508, 0.9297029972076416, 0.9653767943382263, 0.9820627570152283, 0.9645093679428101, 0.023346303030848503, 0.9096509218215942, 0.9197224974632263]
 Testing Label Acc: [0.9867346882820129, 0.9938325881958008, 0.8905038833618164, 0.9465346336364746, 0.9338085651397705, 0.9495515823364258, 0.9561586380004883, 0.2752918303012848, 0.9260780215263367, 0.9573835730552673]
 Testing Label Acc: [0.9836734533309937, 0.9867841601371765, 0.9418604373931885, 0.9475247263908386, 0.9389002323150635, 0.9473094344139099, 0.9582463502883911, 0.8599221706390381, 0.953798770904541, 0.9454905986785889]
 Testing Label Acc: [0.9846938848495483, 0.9885462522506714, 0.9389534592628479, 0.9544554352760315, 0.9399185180664062, 0.9237667918205261, 0.9603340029716492, 0.792801558971405, 0.9486653208732605, 0.9544103145599365]
 Testing Label Acc: [0.9897959232330322, 0.9973568320274353, 0.7829457521438599, 0.9178217649459839, 0.958248496055603, 0.8082959651947021, 0.9258872866630554, 0.0, 0.8562628626823425, 0.894945502281189]
 Testing Label Acc: [0.9826530814170837, 0.9876651763916016, 0.9360465407371521, 0.9554455280303955, 0.9501018524169922, 0.9506726264953613, 0.9603340029716492, 0.8482490181922913, 0.9620122909545898, 0.9464816451072693]
 Testing Label Acc: [0.9826530814170837, 0.9867841601371765, 0.9486433863639832, 0.9485148787498474, 0.92769855260849, 0.9551569223403931, 0.9739039540290833, 0.7081711888313293, 0.9373716711997986, 0.9534192085266113]
 Testing Label Acc: [0.9785714149475098, 0.9885462522506714, 0.9476743936538696, 0.9653465151786804, 0.9521384835243225, 0.9383407831192017, 0.9697285890579224, 0.7509727478027344, 0.9507187008857727, 0.9514370560646057]
 Testing Label Acc: [0.9826530814170837, 0.9894273281097412, 0.9525193572044373, 0.9396039843559265, 0.9429734945297241, 0.9147982001304626, 0.9770354628562927, 0.798638105392456, 0.9363449811935425, 0.9415262341499329]
 Testing Label Acc: [0.9867346882820129, 0.9894273281097412, 0.9399224519729614, 0.9287128448486328, 0.9389002323150635, 0.9282511472702026, 0.9665970802307129, 0.7772373557090759, 0.9650924205780029, 0.9435084462165833]
 Testing Label Acc: [0.9867346882820129, 0.9814978241920471, 0.9379844665527344, 0.9465346336364746, 0.9185336232185364, 0.8609865307807922, 0.9655532240867615, 0.039883267134428024, 0.9712525606155396, 0.962338924407959]
 Testing Label Acc: [0.9755101799964905, 0.9779735803604126, 0.9544573426246643, 0.9465346336364746, 0.9684317708015442, 0.9013453125953674, 0.9603340029716492, 0.4678988456726074, 0.9589322209358215, 0.928642213344574]
 Testing Label Acc: [0.9836734533309937, 0.9903083443641663, 0.9457364082336426, 0.9524752497673035, 0.932790219783783, 0.9461883306503296, 0.9665970802307129, 0.7188715934753418, 0.9404517412185669, 0.9494549036026001]
 Testing Label Acc: [0.9836734533309937, 0.9885462522506714, 0.940891444683075, 0.9485148787498474, 0.9490835070610046, 0.9439461827278137, 0.9592902064323425, 0.9338521361351013, 0.9425051212310791, 0.9454905986785889]
 Testing Label Acc: [0.9673469662666321, 0.9286343455314636, 0.940891444683075, 0.9366336464881897, 0.7362525463104248, 0.9686098694801331, 0.9655532240867615, 0.38229572772979736, 0.9599589109420776, 0.966303288936615]
 Testing Label Acc: [0.9785714149475098, 0.9885462522506714, 0.9496123790740967, 0.9564356207847595, 0.9134419560432434, 0.9573991298675537, 0.9676409363746643, 0.7422178983688354, 0.9383983612060547, 0.959365725517273]
 Testing Label Acc: [0.981632649898529, 0.9894273281097412, 0.9496123790740967, 0.9485148787498474, 0.9572301506996155, 0.9439461827278137, 0.9759916663169861, 0.825875461101532, 0.941478431224823, 0.9385530352592468]
 Testing Label Acc: [0.9806122183799744, 0.9823788404464722, 0.9418604373931885, 0.9623762369155884, 0.9429734945297241, 0.9540358781814575, 0.9718163013458252, 0.8346303701400757, 0.9568788409233093, 0.9544103145599365]
 Testing Label Acc: [0.9897959232330322, 0.983259916305542, 0.9525193572044373, 0.9287128448486328, 0.9480651617050171, 0.9495515823364258, 0.9603340029716492, 0.2509727478027344, 0.9599589109420776, 0.9504460096359253]
 Testing Label Acc: [0.9806122183799744, 0.9903083443641663, 0.9331395626068115, 0.9465346336364746, 0.9409368634223938, 0.9641255736351013, 0.9676409363746643, 0.019455252215266228, 0.9260780215263367, 0.9524281620979309]
 Testing Label Acc: [0.9806122183799744, 0.9903083443641663, 0.9418604373931885, 0.9653465151786804, 0.9490835070610046, 0.976457417011261, 0.9655532240867615, 0.03501945361495018, 0.9014373421669006, 0.9504460096359253]
 Testing Label Acc: [0.9887754917144775, 0.9920704960823059, 0.9040697813034058, 0.9514851570129395, 0.8879836797714233, 0.9540358781814575, 0.9645093679428101, 0.20428015291690826, 0.9312114715576172, 0.9554013609886169]
