 Testing Label Acc: [0.9163265228271484, 0.9938325881958008, 0.26356589794158936, 0.0, 0.28105905652046204, 0.0044843051582574844, 0.051148224622011185, 0.0, 0.08829569071531296, 0.8969276547431946]
 Testing Label Acc: [0.918367326259613, 0.9621145129203796, 0.5804263353347778, 0.0, 0.5743380784988403, 0.0011210762895643711, 0.3361169099807739, 0.0, 0.4517453908920288, 0.44003963470458984]
 Testing Label Acc: [0.7867347002029419, 0.9277533292770386, 0.3343023359775543, 0.0, 0.5040733218193054, 0.10762331634759903, 0.905010461807251, 0.0, 0.40759754180908203, 0.6699702739715576]
 Testing Label Acc: [0.905102014541626, 0.9312775135040283, 0.6792635917663574, 0.0, 0.10285132378339767, 0.0, 0.7912317514419556, 0.0, 0.4907597601413727, 0.46085232496261597]
 Testing Label Acc: [0.8571428656578064, 0.9682819247245789, 0.5523256063461304, 0.0, 0.8808553814888, 0.00784753356128931, 0.027139874175190926, 0.0, 0.546201229095459, 0.06045589596033096]
 Testing Label Acc: [0.9530612230300903, 0.833480179309845, 0.876937985420227, 0.0, 0.12423625588417053, 0.00784753356128931, 0.4916492700576782, 0.0, 0.3398357331752777, 0.701684832572937]
 Testing Label Acc: [0.9479591846466064, 0.7198237776756287, 0.7674418687820435, 0.0, 0.2902240455150604, 0.0, 0.8434237837791443, 0.0, 0.6981519460678101, 0.3855302333831787]
 Testing Label Acc: [0.827551007270813, 0.9947136640548706, 0.2315891534090042, 0.0, 0.25763747096061707, 0.0, 0.6805845499038696, 0.0, 0.2936345040798187, 0.7958374619483948]
 Testing Label Acc: [0.7204081416130066, 0.9841409921646118, 0.427325576543808, 0.0, 0.23727087676525116, 0.0033632286358624697, 0.5271399021148682, 0.0, 0.171457901597023, 0.8493558168411255]
 Testing Label Acc: [0.8326530456542969, 0.9903083443641663, 0.13178294897079468, 0.0, 0.7250509262084961, 0.0, 0.8382046222686768, 0.0, 0.03182751685380936, 0.13875123858451843]
 Testing Label Acc: [0.9775510430335999, 0.9806167483329773, 0.6705426573753357, 0.0, 0.38492870330810547, 0.00784753356128931, 0.7515657544136047, 0.0, 0.342915803194046, 0.9127849340438843]
 Testing Label Acc: [0.9551020264625549, 0.9859030842781067, 0.6879844665527344, 0.0, 0.46028512716293335, 0.0022421525791287422, 0.831941545009613, 0.0, 0.10266940295696259, 0.8919722437858582]
 Testing Label Acc: [0.9581632614135742, 0.9682819247245789, 0.7548449635505676, 0.0, 0.7016293406486511, 0.020179372280836105, 0.7265135645866394, 0.0, 0.7669404745101929, 0.5272547006607056]
 Testing Label Acc: [0.9744898080825806, 0.9814978241920471, 0.6967054009437561, 0.0, 0.304480642080307, 0.0, 0.7306889295578003, 0.0, 0.6550307869911194, 0.8176412582397461]
 Testing Label Acc: [0.9765306115150452, 0.9920704960823059, 0.6521317958831787, 0.0, 0.7810590863227844, 0.1065022423863411, 0.606471836566925, 0.0, 0.4866529703140259, 0.42220020294189453]
 Testing Label Acc: [0.9489796161651611, 0.9770925045013428, 0.6812015771865845, 0.0, 0.4083503186702728, 0.09304932504892349, 0.9227557182312012, 0.0, 0.17556467652320862, 0.8027750253677368]
 Testing Label Acc: [0.9632652997970581, 0.9603524208068848, 0.8003876209259033, 0.0, 0.8360489010810852, 0.12780268490314484, 0.8235908150672913, 0.0, 0.5112936496734619, 0.3845391571521759]
 Testing Label Acc: [0.9612244963645935, 0.9850220084190369, 0.6405038833618164, 0.0, 0.7342159152030945, 0.0022421525791287422, 0.8141962289810181, 0.0, 0.627310037612915, 0.5748265385627747]
 Testing Label Acc: [0.9397959113121033, 0.9656387567520142, 0.7509689927101135, 0.0, 0.4368635416030884, 0.0033632286358624697, 0.8997912406921387, 0.0, 0.42813143134117126, 0.8771060705184937]
 Testing Label Acc: [0.9602040648460388, 0.9894273281097412, 0.569767415523529, 0.0, 0.6700611114501953, 0.05156950652599335, 0.893528163433075, 0.0, 0.336755633354187, 0.5480673909187317]
 Testing Label Acc: [0.9765306115150452, 0.9735682606697083, 0.7974806427955627, 0.0, 0.6792260408401489, 0.18609865009784698, 0.9081419706344604, 0.01653696410357952, 0.5995893478393555, 0.8057482838630676]
 Testing Label Acc: [0.9561224579811096, 0.9876651763916016, 0.7044573426246643, 0.0009900990407913923, 0.5804480910301208, 0.04708520323038101, 0.9279749393463135, 0.010700388811528683, 0.5595482587814331, 0.8553022742271423]
 Testing Label Acc: [0.9785714149475098, 0.9823788404464722, 0.7722868323326111, 0.0, 0.8391038775444031, 0.49887892603874207, 0.8716075420379639, 0.0, 0.6765913963317871, 0.44202181696891785]
 Testing Label Acc: [0.9775510430335999, 0.9850220084190369, 0.7558139562606812, 0.003960396163165569, 0.8849287033081055, 0.11771300435066223, 0.8486430048942566, 0.0437743179500103, 0.6581108570098877, 0.41030722856521606]
 Testing Label Acc: [0.9806122183799744, 0.9911894202232361, 0.7005813717842102, 0.0, 0.7881873846054077, 0.0044843051582574844, 0.8235908150672913, 0.0, 0.5256673693656921, 0.7452923655509949]
 Testing Label Acc: [0.9785714149475098, 0.9797356724739075, 0.7606589198112488, 0.0, 0.723014235496521, 0.19506727159023285, 0.8830897808074951, 0.0009727626456879079, 0.6940451860427856, 0.7879087924957275]
 Testing Label Acc: [0.9765306115150452, 0.976211428642273, 0.8168604373931885, 0.0019801980815827847, 0.7270875573158264, 0.27578476071357727, 0.8924843668937683, 0.010700388811528683, 0.5975359082221985, 0.8206144571304321]
 Testing Label Acc: [0.9663265347480774, 0.9788545966148376, 0.7751938104629517, 0.0, 0.7759674191474915, 0.02802690491080284, 0.8977035284042358, 0.0019455252913758159, 0.5503079891204834, 0.7819623351097107]
 Testing Label Acc: [0.9795918464660645, 0.976211428642273, 0.7848837375640869, 0.0, 0.548879861831665, 0.14461883902549744, 0.8643006086349487, 0.01653696410357952, 0.7104722857475281, 0.8285431265830994]
 Testing Label Acc: [0.9734693765640259, 0.9779735803604126, 0.7577519416809082, 0.03762376308441162, 0.5437881946563721, 0.09192825108766556, 0.8830897808074951, 0.005836575757712126, 0.48049280047416687, 0.9098116755485535]
 Testing Label Acc: [0.9775510430335999, 0.9735682606697083, 0.8905038833618164, 0.09306930750608444, 0.7382891774177551, 0.4865470826625824, 0.8903966546058655, 0.2315175086259842, 0.7802874445915222, 0.8265609741210938]
 Testing Label Acc: [0.968367338180542, 0.9779735803604126, 0.768410861492157, 0.014851485379040241, 0.8849287033081055, 0.40807175636291504, 0.9540709853172302, 0.11186770349740982, 0.6981519460678101, 0.5302279591560364]
 Testing Label Acc: [0.9734693765640259, 0.9841409921646118, 0.836240291595459, 0.08613861352205276, 0.8665987849235535, 0.5269058346748352, 0.9227557182312012, 0.16439688205718994, 0.7012320160865784, 0.5520316958427429]
 Testing Label Acc: [0.9795918464660645, 0.9823788404464722, 0.8149224519729614, 0.15742574632167816, 0.842158854007721, 0.23430493474006653, 0.887265145778656, 0.15175096690654755, 0.7587268948554993, 0.7740337252616882]
 Testing Label Acc: [0.972449004650116, 0.9788545966148376, 0.8372092843055725, 0.006930693052709103, 0.8665987849235535, 0.34417039155960083, 0.887265145778656, 0.028210116550326347, 0.7474332451820374, 0.7135778069496155]
 Testing Label Acc: [0.9775510430335999, 0.9753304123878479, 0.8808139562606812, 0.17227722704410553, 0.7505091428756714, 0.5639013648033142, 0.9144049882888794, 0.21108949184417725, 0.6324435472488403, 0.8612487316131592]
 Testing Label Acc: [0.9734693765640259, 0.9770925045013428, 0.7994186282157898, 0.01287128683179617, 0.7973523139953613, 0.11098654568195343, 0.924843430519104, 0.03599221631884575, 0.8357289433479309, 0.8136768937110901]
 Testing Label Acc: [0.9755101799964905, 0.9770925045013428, 0.8701550364494324, 0.19306930899620056, 0.7637474536895752, 0.28811660408973694, 0.9217119216918945, 0.26459142565727234, 0.6036961078643799, 0.8612487316131592]
 Testing Label Acc: [0.9765306115150452, 0.9788545966148376, 0.8352712988853455, 0.041584160178899765, 0.6150712966918945, 0.1928251087665558, 0.9279749393463135, 0.10505836457014084, 0.7022587060928345, 0.8840436339378357]
 Testing Label Acc: [0.9785714149475098, 0.9718061685562134, 0.8343023061752319, 0.15049505233764648, 0.6598777770996094, 0.07847533375024796, 0.9185803532600403, 0.13521400094032288, 0.7525667548179626, 0.8889989852905273]
 Testing Label Acc: [0.9806122183799744, 0.9814978241920471, 0.8507751822471619, 0.4564356505870819, 0.7841140627861023, 0.5033632516860962, 0.9227557182312012, 0.48638132214546204, 0.8121150135993958, 0.8899900913238525]
 Testing Label Acc: [0.9765306115150452, 0.9797356724739075, 0.8168604373931885, 0.040594059973955154, 0.8584521412849426, 0.38116592168807983, 0.9540709853172302, 0.1566147804260254, 0.7895277142524719, 0.7819623351097107]
 Testing Label Acc: [0.9785714149475098, 0.9788545966148376, 0.8798449635505676, 0.28118813037872314, 0.8584521412849426, 0.591928243637085, 0.942588746547699, 0.349221795797348, 0.7607802748680115, 0.8007928729057312]
 Testing Label Acc: [0.9775510430335999, 0.9823788404464722, 0.8992248177528381, 0.47920793294906616, 0.8513238430023193, 0.5639013648033142, 0.9206680655479431, 0.48638132214546204, 0.7433264851570129, 0.8087214827537537]
 Testing Label Acc: [0.9755101799964905, 0.9823788404464722, 0.8556201457977295, 0.07623762637376785, 0.8217922449111938, 0.44843047857284546, 0.944676399230957, 0.12451361864805222, 0.7474332451820374, 0.8473736643791199]
 Testing Label Acc: [0.9795918464660645, 0.9744493365287781, 0.873062014579773, 0.47623762488365173, 0.7932790517807007, 0.5650224089622498, 0.9530271291732788, 0.5116731524467468, 0.7607802748680115, 0.86422199010849]
 Testing Label Acc: [0.9755101799964905, 0.9823788404464722, 0.8352712988853455, 0.12970297038555145, 0.7780040502548218, 0.35874438285827637, 0.9394571781158447, 0.1624513566493988, 0.8182751536369324, 0.86422199010849]
 Testing Label Acc: [0.9765306115150452, 0.9770925045013428, 0.8924418687820435, 0.12178217619657516, 0.9052953124046326, 0.5751121044158936, 0.8977035284042358, 0.29280155897140503, 0.7956879138946533, 0.7165510654449463]
 Testing Label Acc: [0.9755101799964905, 0.9726872444152832, 0.8691860437393188, 0.3148514926433563, 0.842158854007721, 0.4125560522079468, 0.9457202553749084, 0.38229572772979736, 0.8254619836807251, 0.8007928729057312]
 Testing Label Acc: [0.972449004650116, 0.9682819247245789, 0.875, 0.45247524976730347, 0.800407350063324, 0.21412555873394012, 0.9373695254325867, 0.4212062358856201, 0.8531827330589294, 0.8453914523124695]
 Testing Label Acc: [0.9795918464660645, 0.9770925045013428, 0.9040697813034058, 0.6534653306007385, 0.7993890047073364, 0.7230941653251648, 0.9373695254325867, 0.6536964774131775, 0.7895277142524719, 0.904856264591217]
 Testing Label Acc: [0.9755101799964905, 0.9806167483329773, 0.8478682041168213, 0.15445543825626373, 0.8665987849235535, 0.5336322784423828, 0.9551148414611816, 0.30447471141815186, 0.8100615739822388, 0.8216055631637573]
 Testing Label Acc: [0.9806122183799744, 0.9797356724739075, 0.8866279125213623, 0.5346534848213196, 0.8727087378501892, 0.6917040348052979, 0.9405010342597961, 0.5826848149299622, 0.8131417036056519, 0.8354806900024414]
 Testing Label Acc: [0.9785714149475098, 0.9823788404464722, 0.8924418687820435, 0.4891089200973511, 0.867617130279541, 0.5224215388298035, 0.9300626516342163, 0.48249027132987976, 0.8377823233604431, 0.8453914523124695]
 Testing Label Acc: [0.972449004650116, 0.9850220084190369, 0.8265503644943237, 0.24851484596729279, 0.8951120376586914, 0.4170403480529785, 0.9613778591156006, 0.32295718789100647, 0.8080081939697266, 0.7522299289703369]
 Testing Label Acc: [0.9775510430335999, 0.9797356724739075, 0.876937985420227, 0.44059404730796814, 0.7668024301528931, 0.6636771559715271, 0.962421715259552, 0.45719844102859497, 0.7422997951507568, 0.9197224974632263]
 Testing Label Acc: [0.9765306115150452, 0.9788545966148376, 0.873062014579773, 0.24554455280303955, 0.8156822919845581, 0.5672645568847656, 0.9478079080581665, 0.2752918303012848, 0.7956879138946533, 0.8721506595611572]
 Testing Label Acc: [0.972449004650116, 0.9814978241920471, 0.9031007885932922, 0.3217821717262268, 0.8767820596694946, 0.628923773765564, 0.9530271291732788, 0.4406614899635315, 0.8162217736244202, 0.8255698680877686]
 Testing Label Acc: [0.9765306115150452, 0.9823788404464722, 0.8633720874786377, 0.39009901881217957, 0.8686354160308838, 0.5190582871437073, 0.9488517642021179, 0.46400779485702515, 0.836755633354187, 0.8206144571304321]
 Testing Label Acc: [0.9734693765640259, 0.9691630005836487, 0.8943798542022705, 0.5524752736091614, 0.8747454285621643, 0.45515695214271545, 0.9363256692886353, 0.5233463048934937, 0.8880903720855713, 0.8116947412490845]
 Testing Label Acc: [0.9775510430335999, 0.9779735803604126, 0.9069767594337463, 0.7049505114555359, 0.8391038775444031, 0.7253363132476807, 0.9540709853172302, 0.6780155897140503, 0.8521560430526733, 0.8850346803665161]
 Testing Label Acc: [0.9714285731315613, 0.983259916305542, 0.8517441749572754, 0.2772277295589447, 0.8299388885498047, 0.6109865307807922, 0.9676409363746643, 0.37062257528305054, 0.8100615739822388, 0.8721506595611572]
 Testing Label Acc: [0.9785714149475098, 0.9753304123878479, 0.876937985420227, 0.6356435418128967, 0.9032586812973022, 0.5381165742874146, 0.9488517642021179, 0.6721789836883545, 0.8911704421043396, 0.8077304363250732]
 Testing Label Acc: [0.9785714149475098, 0.983259916305542, 0.9031007885932922, 0.6623762249946594, 0.8716904520988464, 0.6670403480529785, 0.9258872866630554, 0.6177042722702026, 0.8439425230026245, 0.8860257863998413]
 Testing Label Acc: [0.9765306115150452, 0.983259916305542, 0.8604651093482971, 0.24257425963878632, 0.8747454285621643, 0.6334080696105957, 0.9603340029716492, 0.34824901819229126, 0.7987679839134216, 0.8275520205497742]
 Testing Label Acc: [0.9765306115150452, 0.9770925045013428, 0.8846899271011353, 0.5257425904273987, 0.9012219905853271, 0.6849775910377502, 0.9613778591156006, 0.6011673212051392, 0.836755633354187, 0.8553022742271423]
 Testing Label Acc: [0.9775510430335999, 0.976211428642273, 0.8720930218696594, 0.39603960514068604, 0.8014256358146667, 0.4932735562324524, 0.9467641115188599, 0.4319066107273102, 0.8675564527511597, 0.8989098072052002]
 Testing Label Acc: [0.9806122183799744, 0.9841409921646118, 0.893410861492157, 0.43366336822509766, 0.8706721067428589, 0.7780268788337708, 0.9415448904037476, 0.5087548494338989, 0.8193018436431885, 0.8681862950325012]
 Testing Label Acc: [0.9693877696990967, 0.9814978241920471, 0.8856589198112488, 0.44950494170188904, 0.813645601272583, 0.45852017402648926, 0.9665970802307129, 0.45525291562080383, 0.8336755633354187, 0.9108027815818787]
 Testing Label Acc: [0.9806122183799744, 0.9814978241920471, 0.9040697813034058, 0.4821782112121582, 0.8808553814888, 0.7208520174026489, 0.9415448904037476, 0.5262646079063416, 0.836755633354187, 0.8503468632698059]
 Testing Label Acc: [0.9795918464660645, 0.9823788404464722, 0.9166666865348816, 0.6663366556167603, 0.8523421883583069, 0.6973094344139099, 0.9457202553749084, 0.631322979927063, 0.8562628626823425, 0.9137760400772095]
 Testing Label Acc: [0.9775510430335999, 0.9814978241920471, 0.8701550364494324, 0.4811881184577942, 0.844195544719696, 0.6199551820755005, 0.9561586380004883, 0.5107004046440125, 0.8634496927261353, 0.894945502281189]
 Testing Label Acc: [0.9806122183799744, 0.9770925045013428, 0.8885658979415894, 0.5861386060714722, 0.9317718744277954, 0.7757847309112549, 0.9509394764900208, 0.6566147804260254, 0.8439425230026245, 0.8186323046684265]
 Testing Label Acc: [0.9775510430335999, 0.9806167483329773, 0.8972868323326111, 0.6524752378463745, 0.8818737268447876, 0.7208520174026489, 0.9478079080581665, 0.6673151850700378, 0.8921971321105957, 0.8800792694091797]
 Testing Label Acc: [0.9744898080825806, 0.9814978241920471, 0.8711240291595459, 0.30792078375816345, 0.8767820596694946, 0.6984304785728455, 0.962421715259552, 0.4319066107273102, 0.8644763827323914, 0.8533201217651367]
 Testing Label Acc: [0.9744898080825806, 0.9744493365287781, 0.8943798542022705, 0.7079207897186279, 0.9052953124046326, 0.6412556171417236, 0.9572024941444397, 0.7130350470542908, 0.8870636820793152, 0.8771060705184937]
 Testing Label Acc: [0.9755101799964905, 0.9806167483329773, 0.8808139562606812, 0.2564356327056885, 0.8890020251274109, 0.6513453125953674, 0.9655532240867615, 0.3570038974285126, 0.8254619836807251, 0.8622398376464844]
 Testing Label Acc: [0.9744898080825806, 0.9867841601371765, 0.9050387740135193, 0.5376237630844116, 0.8615071177482605, 0.7466367483139038, 0.9572024941444397, 0.5671206116676331, 0.8193018436431885, 0.8899900913238525]
 Testing Label Acc: [0.9765306115150452, 0.9797356724739075, 0.8827519416809082, 0.4455445408821106, 0.8635438084602356, 0.6569506525993347, 0.962421715259552, 0.5068093538284302, 0.882956862449646, 0.8889989852905273]
 Testing Label Acc: [0.9755101799964905, 0.9779735803604126, 0.9205426573753357, 0.5455445647239685, 0.8727087378501892, 0.7645739912986755, 0.944676399230957, 0.5291828513145447, 0.8275154232978821, 0.8840436339378357]
 Testing Label Acc: [0.9785714149475098, 0.9850220084190369, 0.9195736646652222, 0.7514851689338684, 0.9002036452293396, 0.7645739912986755, 0.9530271291732788, 0.7305447459220886, 0.8644763827323914, 0.8721506595611572]
 Testing Label Acc: [0.9744898080825806, 0.9753304123878479, 0.8711240291595459, 0.33465346693992615, 0.8737270832061768, 0.6939461827278137, 0.9676409363746643, 0.4785992205142975, 0.8809034824371338, 0.8870168328285217]
 Testing Label Acc: [0.9775510430335999, 0.9744493365287781, 0.9089147448539734, 0.7465346455574036, 0.9297352433204651, 0.7286995649337769, 0.9405010342597961, 0.7140077948570251, 0.8860369324684143, 0.8602576851844788]
 Testing Label Acc: [0.9785714149475098, 0.9823788404464722, 0.8963178396224976, 0.6168316602706909, 0.8890020251274109, 0.7399103045463562, 0.9478079080581665, 0.6264591217041016, 0.8911704421043396, 0.8959365487098694]
 Testing Label Acc: [0.9765306115150452, 0.9823788404464722, 0.8759689927101135, 0.47821781039237976, 0.8808553814888, 0.6849775910377502, 0.9665970802307129, 0.46692606806755066, 0.849075973033905, 0.8780971169471741]
 Testing Label Acc: [0.9755101799964905, 0.983259916305542, 0.895348846912384, 0.5821782350540161, 0.8920570015907288, 0.75, 0.9551148414611816, 0.6322957277297974, 0.8655030727386475, 0.9167492389678955]
 Testing Label Acc: [0.9755101799964905, 0.9867841601371765, 0.8720930218696594, 0.41485148668289185, 0.8492871522903442, 0.6591928005218506, 0.9676409363746643, 0.5038910508155823, 0.8572895526885986, 0.8959365487098694]
 Testing Label Acc: [0.9775510430335999, 0.9841409921646118, 0.9069767594337463, 0.5504950284957886, 0.8828920722007751, 0.7780268788337708, 0.9509394764900208, 0.5671206116676331, 0.8685831427574158, 0.901883065700531]
 Testing Label Acc: [0.9775510430335999, 0.9850220084190369, 0.911821722984314, 0.4891089200973511, 0.909368634223938, 0.7701793909072876, 0.9582463502883911, 0.5749027132987976, 0.8470225930213928, 0.857284426689148]
 Testing Label Acc: [0.9755101799964905, 0.9814978241920471, 0.9060077667236328, 0.6138613820075989, 0.818737268447876, 0.7410314083099365, 0.9603340029716492, 0.5311284065246582, 0.8552361130714417, 0.9207136034965515]
 Testing Label Acc: [0.981632649898529, 0.9797356724739075, 0.9205426573753357, 0.6534653306007385, 0.9073320031166077, 0.810538113117218, 0.9436325430870056, 0.655642032623291, 0.895277202129364, 0.8959365487098694]
 Testing Label Acc: [0.9775510430335999, 0.9850220084190369, 0.8779069781303406, 0.5059406161308289, 0.8778004050254822, 0.7354260087013245, 0.968684732913971, 0.5418288111686707, 0.870636522769928, 0.8929633498191833]
 Testing Label Acc: [0.9765306115150452, 0.9735682606697083, 0.8982558250427246, 0.6762376427650452, 0.9226069450378418, 0.7746636867523193, 0.9613778591156006, 0.6809338331222534, 0.8716632723808289, 0.8939543962478638]
 Testing Label Acc: [0.9785714149475098, 0.9814978241920471, 0.9050387740135193, 0.684158444404602, 0.9052953124046326, 0.7881165742874146, 0.9478079080581665, 0.7461089491844177, 0.8983572721481323, 0.8919722437858582]
 Testing Label Acc: [0.9755101799964905, 0.9867841601371765, 0.876937985420227, 0.3831683099269867, 0.8849287033081055, 0.7567264437675476, 0.9697285890579224, 0.47081711888313293, 0.861396312713623, 0.8850346803665161]
 Testing Label Acc: [0.9755101799964905, 0.9903083443641663, 0.9069767594337463, 0.7178217768669128, 0.9083502888679504, 0.7612107396125793, 0.9645093679428101, 0.6945525407791138, 0.8583162426948547, 0.8999009132385254]
 Testing Label Acc: [0.9755101799964905, 0.9841409921646118, 0.8808139562606812, 0.4366336762905121, 0.8615071177482605, 0.6434977650642395, 0.9665970802307129, 0.48249027132987976, 0.8839835524559021, 0.9108027815818787]
 Testing Label Acc: [0.9785714149475098, 0.9903083443641663, 0.9108527302742004, 0.5693069100379944, 0.8869653940200806, 0.8273542523384094, 0.9530271291732788, 0.618677020072937, 0.8429158329963684, 0.9038652181625366]
 Testing Label Acc: [0.9744898080825806, 0.9841409921646118, 0.9040697813034058, 0.5871286988258362, 0.8971486687660217, 0.7656950950622559, 0.9645093679428101, 0.5564202070236206, 0.8778234124183655, 0.8820614218711853]
 Testing Label Acc: [0.9775510430335999, 0.9814978241920471, 0.9205426573753357, 0.5663366317749023, 0.891038715839386, 0.7937219738960266, 0.9540709853172302, 0.5729572176933289, 0.8572895526885986, 0.9038652181625366]
 Testing Label Acc: [0.9795918464660645, 0.9894273281097412, 0.8963178396224976, 0.711881160736084, 0.9338085651397705, 0.7982062697410583, 0.9592902064323425, 0.716926097869873, 0.8716632723808289, 0.8889989852905273]
 Testing Label Acc: [0.9765306115150452, 0.9876651763916016, 0.8875969052314758, 0.4267326593399048, 0.8767820596694946, 0.7387892603874207, 0.9645093679428101, 0.5019454956054688, 0.8583162426948547, 0.9246779084205627]
 Testing Label Acc: [0.9806122183799744, 0.9735682606697083, 0.9205426573753357, 0.6702970266342163, 0.9073320031166077, 0.8127802610397339, 0.9478079080581665, 0.7149805426597595, 0.882956862449646, 0.9078295230865479]
 Testing Label Acc: [0.9795918464660645, 0.9850220084190369, 0.9186046719551086, 0.7366336584091187, 0.8869653940200806, 0.7466367483139038, 0.9415448904037476, 0.6916342377662659, 0.9127309918403625, 0.9137760400772095]
 Testing Label Acc: [0.9734693765640259, 0.9841409921646118, 0.8856589198112488, 0.503960371017456, 0.8900203704833984, 0.7556053996086121, 0.9728600978851318, 0.5710116624832153, 0.8860369324684143, 0.8860257863998413]
 Testing Label Acc: [0.9755101799964905, 0.9867841601371765, 0.9079457521438599, 0.6554455161094666, 0.9215885996818542, 0.8172645568847656, 0.9665970802307129, 0.6906614899635315, 0.9024640917778015, 0.8761149644851685]
 Testing Label Acc: [0.9765306115150452, 0.9850220084190369, 0.8837209343910217, 0.4623762369155884, 0.8727087378501892, 0.7320627570152283, 0.9676409363746643, 0.518482506275177, 0.8921971321105957, 0.8999009132385254]
 Testing Label Acc: [0.9755101799964905, 0.9903083443641663, 0.9021317958831787, 0.6118811964988708, 0.8920570015907288, 0.8284753561019897, 0.9613778591156006, 0.6177042722702026, 0.8634496927261353, 0.9117938280105591]
 Testing Label Acc: [0.9775510430335999, 0.9876651763916016, 0.911821722984314, 0.6188119053840637, 0.9012219905853271, 0.7926008701324463, 0.9572024941444397, 0.588521420955658, 0.8696098327636719, 0.8999009132385254]
 Testing Label Acc: [0.9775510430335999, 0.9841409921646118, 0.9147287011146545, 0.5801980495452881, 0.8696537613868713, 0.7959641218185425, 0.9572024941444397, 0.5690661668777466, 0.8716632723808289, 0.9177403450012207]
 Testing Label Acc: [0.9775510430335999, 0.9814978241920471, 0.9253876209259033, 0.7237623929977417, 0.9389002323150635, 0.8127802610397339, 0.9613778591156006, 0.701361894607544, 0.895277202129364, 0.8919722437858582]
 Testing Label Acc: [0.9775510430335999, 0.9903083443641663, 0.8914728760719299, 0.5752475261688232, 0.8828920722007751, 0.7443946003913879, 0.9645093679428101, 0.575875461101532, 0.8901437520980835, 0.9167492389678955]
 Testing Label Acc: [0.9795918464660645, 0.983259916305542, 0.9186046719551086, 0.6495049595832825, 0.9103869795799255, 0.8251121044158936, 0.9509394764900208, 0.6994163393974304, 0.9014373421669006, 0.9058473706245422]
 Testing Label Acc: [0.9795918464660645, 0.9876651763916016, 0.9156976938247681, 0.6653465628623962, 0.9236252307891846, 0.8082959651947021, 0.9478079080581665, 0.7033073902130127, 0.8932238221168518, 0.9008919596672058]
 Testing Label Acc: [0.9755101799964905, 0.983259916305542, 0.8943798542022705, 0.38712871074676514, 0.8655804395675659, 0.7713004350662231, 0.9718163013458252, 0.5262646079063416, 0.8757700324058533, 0.9137760400772095]
 Testing Label Acc: [0.9775510430335999, 0.9867841601371765, 0.9060077667236328, 0.7613861560821533, 0.9154785871505737, 0.7993273735046387, 0.962421715259552, 0.7383268475532532, 0.9034907817840576, 0.8989098072052002]
 Testing Label Acc: [0.9765306115150452, 0.9876651763916016, 0.8788759708404541, 0.502970278263092, 0.9114053249359131, 0.7544842958450317, 0.9655532240867615, 0.5379377603530884, 0.8911704421043396, 0.8979187607765198]
 Testing Label Acc: [0.972449004650116, 0.9876651763916016, 0.9060077667236328, 0.48712870478630066, 0.8890020251274109, 0.7970852255821228, 0.962421715259552, 0.4931906759738922, 0.8880903720855713, 0.9157581925392151]
 Testing Label Acc: [0.9765306115150452, 0.9894273281097412, 0.9147287011146545, 0.6415841579437256, 0.904276967048645, 0.810538113117218, 0.9603340029716492, 0.618677020072937, 0.8757700324058533, 0.9068384766578674]
 Testing Label Acc: [0.9785714149475098, 0.9885462522506714, 0.9205426573753357, 0.7138614058494568, 0.8971486687660217, 0.8565022349357605, 0.9509394764900208, 0.7023346424102783, 0.8562628626823425, 0.8989098072052002]
 Testing Label Acc: [0.9795918464660645, 0.9814978241920471, 0.9292635917663574, 0.7079207897186279, 0.9399185180664062, 0.8542600870132446, 0.9582463502883911, 0.7305447459220886, 0.8798767924308777, 0.8929633498191833]
 Testing Label Acc: [0.9785714149475098, 0.9911894202232361, 0.9127907156944275, 0.6732673048973083, 0.885947048664093, 0.8284753561019897, 0.9519832730293274, 0.6546692848205566, 0.8860369324684143, 0.9246779084205627]
 Testing Label Acc: [0.9785714149475098, 0.9885462522506714, 0.911821722984314, 0.6762376427650452, 0.8818737268447876, 0.8127802610397339, 0.9582463502883911, 0.6536964774131775, 0.9086242318153381, 0.9217046499252319]
 Testing Label Acc: [0.9785714149475098, 0.9894273281097412, 0.9186046719551086, 0.7029703259468079, 0.9022403359413147, 0.8329596519470215, 0.9540709853172302, 0.6867704391479492, 0.895277202129364, 0.9117938280105591]
 Testing Label Acc: [0.9775510430335999, 0.9850220084190369, 0.9050387740135193, 0.5861386060714722, 0.8981670141220093, 0.8015695214271545, 0.968684732913971, 0.612840473651886, 0.895277202129364, 0.8999009132385254]
 Testing Label Acc: [0.9775510430335999, 0.9850220084190369, 0.9089147448539734, 0.7069306969642639, 0.9073320031166077, 0.804932713508606, 0.9582463502883911, 0.7091439962387085, 0.9137576818466187, 0.9197224974632263]
 Testing Label Acc: [0.9775510430335999, 0.9903083443641663, 0.8885658979415894, 0.4267326593399048, 0.904276967048645, 0.7836322784423828, 0.9665970802307129, 0.4805447459220886, 0.870636522769928, 0.9108027815818787]
 Testing Label Acc: [0.9693877696990967, 0.9885462522506714, 0.8982558250427246, 0.42178216576576233, 0.8930753469467163, 0.7769058346748352, 0.9697285890579224, 0.4873540997505188, 0.8870636820793152, 0.9236868023872375]
 Testing Label Acc: [0.9765306115150452, 0.9894273281097412, 0.9021317958831787, 0.6009901165962219, 0.904276967048645, 0.8082959651947021, 0.9603340029716492, 0.5710116624832153, 0.8880903720855713, 0.9108027815818787]
 Testing Label Acc: [0.9795918464660645, 0.9911894202232361, 0.911821722984314, 0.7851485013961792, 0.9297352433204651, 0.841928243637085, 0.9540709853172302, 0.755836546421051, 0.8603696227073669, 0.8929633498191833]
 Testing Label Acc: [0.981632649898529, 0.9867841601371765, 0.9166666865348816, 0.7663366198539734, 0.9307535886764526, 0.8520179390907288, 0.9572024941444397, 0.725680947303772, 0.895277202129364, 0.8979187607765198]
 Testing Label Acc: [0.9755101799964905, 0.9894273281097412, 0.9089147448539734, 0.5524752736091614, 0.8991853594779968, 0.7836322784423828, 0.968684732913971, 0.5719844102859497, 0.9096509218215942, 0.9127849340438843]
 Testing Label Acc: [0.9795918464660645, 0.9885462522506714, 0.9195736646652222, 0.6287128925323486, 0.8971486687660217, 0.8621076345443726, 0.9551148414611816, 0.6507782340049744, 0.8932238221168518, 0.9246779084205627]
 Testing Label Acc: [0.9836734533309937, 0.9867841601371765, 0.9186046719551086, 0.7435643672943115, 0.9348269104957581, 0.8688340783119202, 0.9519832730293274, 0.7519454956054688, 0.8921971321105957, 0.9058473706245422]
 Testing Label Acc: [0.9795918464660645, 0.9903083443641663, 0.9127907156944275, 0.7544554471969604, 0.8808553814888, 0.8150224089622498, 0.9603340029716492, 0.7023346424102783, 0.8993839621543884, 0.9217046499252319]
 Testing Label Acc: [0.9806122183799744, 0.9876651763916016, 0.9224806427955627, 0.684158444404602, 0.9226069450378418, 0.8699551820755005, 0.9603340029716492, 0.6828793883323669, 0.8932238221168518, 0.9157581925392151]
 Testing Label Acc: [0.9795918464660645, 0.9876651763916016, 0.8982558250427246, 0.47029703855514526, 0.9083502888679504, 0.818385660648346, 0.9665970802307129, 0.524319052696228, 0.8880903720855713, 0.9157581925392151]
 Testing Label Acc: [0.9734693765640259, 0.9911894202232361, 0.9031007885932922, 0.5811881422996521, 0.8879836797714233, 0.7825112342834473, 0.9655532240867615, 0.5632295608520508, 0.8963038921356201, 0.9345887303352356]
 Testing Label Acc: [0.9775510430335999, 0.9903083443641663, 0.8943798542022705, 0.4287128746509552, 0.9124236106872559, 0.8004484176635742, 0.9665970802307129, 0.48249027132987976, 0.8839835524559021, 0.9207136034965515]
 Testing Label Acc: [0.9765306115150452, 0.9867841601371765, 0.9224806427955627, 0.7455445528030396, 0.9083502888679504, 0.8060538172721863, 0.9540709853172302, 0.7519454956054688, 0.9045174717903137, 0.9068384766578674]
 Testing Label Acc: [0.9785714149475098, 0.9867841601371765, 0.9205426573753357, 0.7633663415908813, 0.9215885996818542, 0.8766816258430481, 0.9603340029716492, 0.7597275972366333, 0.9096509218215942, 0.9147670865058899]
 Testing Label Acc: [0.9734693765640259, 0.9894273281097412, 0.9186046719551086, 0.5891088843345642, 0.8951120376586914, 0.8352017998695374, 0.9707724452018738, 0.5787937641143799, 0.8839835524559021, 0.9276511669158936]
 Testing Label Acc: [0.9785714149475098, 0.9876651763916016, 0.9069767594337463, 0.6316831707954407, 0.9348269104957581, 0.855381190776825, 0.9613778591156006, 0.6284046769142151, 0.9117043018341064, 0.9008919596672058]
 Testing Label Acc: [0.9826530814170837, 0.9894273281097412, 0.9186046719551086, 0.7485148310661316, 0.9317718744277954, 0.8396860957145691, 0.9561586380004883, 0.7042801380157471, 0.8921971321105957, 0.9078295230865479]
 Testing Label Acc: [0.9795918464660645, 0.9903083443641663, 0.9079457521438599, 0.7663366198539734, 0.9052953124046326, 0.8531390428543091, 0.9572024941444397, 0.7529183030128479, 0.8880903720855713, 0.9187313914299011]
 Testing Label Acc: [0.981632649898529, 0.9903083443641663, 0.9108527302742004, 0.6118811964988708, 0.8951120376586914, 0.8374439477920532, 0.9655532240867615, 0.6245136260986328, 0.8778234124183655, 0.9425173401832581]
 Testing Label Acc: [0.9826530814170837, 0.9885462522506714, 0.8943798542022705, 0.4128713011741638, 0.914460301399231, 0.8038116693496704, 0.9582463502883911, 0.5252918004989624, 0.9137576818466187, 0.9147670865058899]
 Testing Label Acc: [0.9775510430335999, 0.9867841601371765, 0.9282945990562439, 0.6910890936851501, 0.8951120376586914, 0.8665919303894043, 0.9551148414611816, 0.6702334880828857, 0.8973305821418762, 0.9335976243019104]
 Testing Label Acc: [0.9704081416130066, 0.9911894202232361, 0.8963178396224976, 0.46732673048973083, 0.9134419560432434, 0.8015695214271545, 0.9707724452018738, 0.5009727478027344, 0.8932238221168518, 0.9207136034965515]
 Testing Label Acc: [0.9765306115150452, 0.9885462522506714, 0.930232584476471, 0.7683168053627014, 0.9052953124046326, 0.8385650515556335, 0.9582463502883911, 0.7324903011322021, 0.9004106521606445, 0.9147670865058899]
 Testing Label Acc: [0.9857142567634583, 0.9867841601371765, 0.9205426573753357, 0.7980198264122009, 0.9236252307891846, 0.871076226234436, 0.9519832730293274, 0.7616731524467468, 0.9106776118278503, 0.9217046499252319]
 Testing Label Acc: [0.972449004650116, 0.9911894202232361, 0.9069767594337463, 0.5158416032791138, 0.8961303234100342, 0.8071748614311218, 0.9707724452018738, 0.47957199811935425, 0.8932238221168518, 0.935579776763916]
 Testing Label Acc: [0.981632649898529, 0.9885462522506714, 0.9166666865348816, 0.6821781992912292, 0.914460301399231, 0.8531390428543091, 0.9613778591156006, 0.6215953230857849, 0.8921971321105957, 0.9345887303352356]
 Testing Label Acc: [0.9806122183799744, 0.9894273281097412, 0.9205426573753357, 0.7277227640151978, 0.92769855260849, 0.8295964002609253, 0.9603340029716492, 0.7140077948570251, 0.9014373421669006, 0.9236868023872375]
 Testing Label Acc: [0.9785714149475098, 0.9911894202232361, 0.9195736646652222, 0.7960395812988281, 0.9134419560432434, 0.865470826625824, 0.9498956203460693, 0.7431906461715698, 0.9034907817840576, 0.9068384766578674]
 Testing Label Acc: [0.9826530814170837, 0.9911894202232361, 0.9156976938247681, 0.5801980495452881, 0.9124236106872559, 0.855381190776825, 0.9613778591156006, 0.6410505771636963, 0.8767967224121094, 0.9375619292259216]
 Testing Label Acc: [0.9836734533309937, 0.9911894202232361, 0.8963178396224976, 0.42475247383117676, 0.9134419560432434, 0.8385650515556335, 0.9634655714035034, 0.5544747114181519, 0.8963038921356201, 0.9177403450012207]
 Testing Label Acc: [0.9755101799964905, 0.9885462522506714, 0.9195736646652222, 0.6881188154220581, 0.8961303234100342, 0.8643497824668884, 0.9603340029716492, 0.6760700345039368, 0.9219712615013123, 0.9207136034965515]
 Testing Label Acc: [0.9714285731315613, 0.9903083443641663, 0.9127907156944275, 0.60297030210495, 0.9154785871505737, 0.8295964002609253, 0.9655532240867615, 0.5894941687583923, 0.9014373421669006, 0.9246779084205627]
 Testing Label Acc: [0.9765306115150452, 0.9867841601371765, 0.9312015771865845, 0.7584158182144165, 0.9195519089698792, 0.8643497824668884, 0.9613778591156006, 0.7373540997505188, 0.895277202129364, 0.9207136034965515]
 Testing Label Acc: [0.9795918464660645, 0.9867841601371765, 0.9244186282157898, 0.7485148310661316, 0.9266802668571472, 0.8800448179244995, 0.9613778591156006, 0.7568093538284302, 0.907597541809082, 0.9217046499252319]
 Testing Label Acc: [0.9775510430335999, 0.9894273281097412, 0.8924418687820435, 0.5118811726570129, 0.9052953124046326, 0.8161435127258301, 0.9697285890579224, 0.5437743067741394, 0.9055441617965698, 0.935579776763916]
 Testing Label Acc: [0.9806122183799744, 0.9894273281097412, 0.9253876209259033, 0.71089106798172, 0.9246435761451721, 0.865470826625824, 0.9603340029716492, 0.679961085319519, 0.9034907817840576, 0.9256689548492432]
 Testing Label Acc: [0.9806122183799744, 0.9885462522506714, 0.9244186282157898, 0.7950494885444641, 0.9287168979644775, 0.8621076345443726, 0.9572024941444397, 0.7431906461715698, 0.9117043018341064, 0.9137760400772095]
 Testing Label Acc: [0.9806122183799744, 0.9903083443641663, 0.9273256063461304, 0.7663366198539734, 0.909368634223938, 0.8721973299980164, 0.9530271291732788, 0.7373540997505188, 0.907597541809082, 0.9236868023872375]
 Testing Label Acc: [0.981632649898529, 0.9903083443641663, 0.9186046719551086, 0.5871286988258362, 0.9052953124046326, 0.8565022349357605, 0.962421715259552, 0.6527237296104431, 0.9034907817840576, 0.9395440816879272]
 Testing Label Acc: [0.981632649898529, 0.9911894202232361, 0.9166666865348816, 0.499009907245636, 0.9175152778625488, 0.8408071994781494, 0.9613778591156006, 0.5466926097869873, 0.8932238221168518, 0.9296333193778992]
 Testing Label Acc: [0.9795918464660645, 0.9894273281097412, 0.9156976938247681, 0.6663366556167603, 0.8920570015907288, 0.8621076345443726, 0.9603340029716492, 0.6391050815582275, 0.9117043018341064, 0.9316154718399048]
 Testing Label Acc: [0.972449004650116, 0.9911894202232361, 0.9098837375640869, 0.5584158301353455, 0.909368634223938, 0.8452914953231812, 0.9665970802307129, 0.5564202070236206, 0.9045174717903137, 0.9306243658065796]
 Testing Label Acc: [0.981632649898529, 0.9903083443641663, 0.9127907156944275, 0.7821782231330872, 0.9175152778625488, 0.8587443828582764, 0.9551148414611816, 0.7470816969871521, 0.9055441617965698, 0.9276511669158936]
 Testing Label Acc: [0.9836734533309937, 0.9876651763916016, 0.930232584476471, 0.7465346455574036, 0.9307535886764526, 0.8822869658470154, 0.9613778591156006, 0.7422178983688354, 0.9127309918403625, 0.9147670865058899]
 Testing Label Acc: [0.9795918464660645, 0.9876651763916016, 0.9098837375640869, 0.5683168172836304, 0.914460301399231, 0.8396860957145691, 0.968684732913971, 0.5933852195739746, 0.9045174717903137, 0.928642213344574]
 Testing Label Acc: [0.9826530814170837, 0.9885462522506714, 0.9244186282157898, 0.6118811964988708, 0.9256619215011597, 0.8733183741569519, 0.9582463502883911, 0.6011673212051392, 0.9096509218215942, 0.9256689548492432]
 Testing Label Acc: [0.9836734533309937, 0.9876651763916016, 0.9186046719551086, 0.8079208135604858, 0.9205702543258667, 0.8699551820755005, 0.9561586380004883, 0.7568093538284302, 0.9137576818466187, 0.9345887303352356]
 Testing Label Acc: [0.9806122183799744, 0.9903083443641663, 0.9195736646652222, 0.7801980376243591, 0.932790219783783, 0.8811659216880798, 0.9572024941444397, 0.7334630489349365, 0.9106776118278503, 0.908820629119873]
 Testing Label Acc: [0.9806122183799744, 0.9911894202232361, 0.913759708404541, 0.6000000238418579, 0.914460301399231, 0.8665919303894043, 0.9645093679428101, 0.6536964774131775, 0.9034907817840576, 0.9395440816879272]
 Testing Label Acc: [0.9775510430335999, 0.9911894202232361, 0.9166666865348816, 0.4752475321292877, 0.9103869795799255, 0.8374439477920532, 0.9665970802307129, 0.5223735570907593, 0.9106776118278503, 0.9266600608825684]
 Testing Label Acc: [0.9806122183799744, 0.9911894202232361, 0.9244186282157898, 0.7514851689338684, 0.8849287033081055, 0.8565022349357605, 0.9572024941444397, 0.7198443412780762, 0.9045174717903137, 0.9385530352592468]
 Testing Label Acc: [0.9765306115150452, 0.9911894202232361, 0.9089147448539734, 0.5673267245292664, 0.9124236106872559, 0.834080696105957, 0.9676409363746643, 0.5525291562080383, 0.9034907817840576, 0.9375619292259216]
 Testing Label Acc: [0.9795918464660645, 0.9894273281097412, 0.9224806427955627, 0.7623762488365173, 0.9338085651397705, 0.8721973299980164, 0.9572024941444397, 0.7714007496833801, 0.9034907817840576, 0.9197224974632263]
 Testing Label Acc: [0.9826530814170837, 0.9911894202232361, 0.9253876209259033, 0.7574257254600525, 0.9246435761451721, 0.884529173374176, 0.9645093679428101, 0.7422178983688354, 0.8963038921356201, 0.9266600608825684]
 Testing Label Acc: [0.9755101799964905, 0.9911894202232361, 0.9089147448539734, 0.4663366377353668, 0.9246435761451721, 0.8363228440284729, 0.9707724452018738, 0.5145914554595947, 0.8921971321105957, 0.9306243658065796]
 Testing Label Acc: [0.9846938848495483, 0.9894273281097412, 0.9234496355056763, 0.5762376189231873, 0.9246435761451721, 0.8766816258430481, 0.9582463502883911, 0.6235408782958984, 0.9127309918403625, 0.9335976243019104]
 Testing Label Acc: [0.9867346882820129, 0.9885462522506714, 0.9224806427955627, 0.7782177925109863, 0.9409368634223938, 0.8834080696105957, 0.9551148414611816, 0.7451362013816833, 0.9117043018341064, 0.9256689548492432]
 Testing Label Acc: [0.9785714149475098, 0.9903083443641663, 0.9205426573753357, 0.7821782231330872, 0.9205702543258667, 0.8778026700019836, 0.9613778591156006, 0.7616731524467468, 0.9199178814888, 0.9187313914299011]
 Testing Label Acc: [0.9806122183799744, 0.9903083443641663, 0.9127907156944275, 0.6722772121429443, 0.9052953124046326, 0.8609865307807922, 0.9655532240867615, 0.637159526348114, 0.9178645014762878, 0.9435084462165833]
 Testing Label Acc: [0.9806122183799744, 0.9876651763916016, 0.9079457521438599, 0.7316831946372986, 0.9205702543258667, 0.8643497824668884, 0.9613778591156006, 0.6828793883323669, 0.9219712615013123, 0.9226957559585571]
 Testing Label Acc: [0.9806122183799744, 0.9903083443641663, 0.9282945990562439, 0.7564356327056885, 0.9124236106872559, 0.8665919303894043, 0.9572024941444397, 0.7344357967376709, 0.9106776118278503, 0.9326065182685852]
 Testing Label Acc: [0.9744898080825806, 0.9911894202232361, 0.9079457521438599, 0.4108910858631134, 0.9052953124046326, 0.8150224089622498, 0.9718163013458252, 0.5087548494338989, 0.9096509218215942, 0.9435084462165833]
 Testing Label Acc: [0.981632649898529, 0.9885462522506714, 0.932170569896698, 0.7752475142478943, 0.92769855260849, 0.8766816258430481, 0.9551148414611816, 0.7723735570907593, 0.9219712615013123, 0.9217046499252319]
 Testing Label Acc: [0.9836734533309937, 0.9911894202232361, 0.930232584476471, 0.8584158420562744, 0.9124236106872559, 0.871076226234436, 0.962421715259552, 0.7733463048934937, 0.9045174717903137, 0.9375619292259216]
 Testing Label Acc: [0.9795918464660645, 0.9876651763916016, 0.8972868323326111, 0.3396039605140686, 0.9083502888679504, 0.8195067048072815, 0.9718163013458252, 0.4280155599117279, 0.9158110618591309, 0.9425173401832581]
 Testing Label Acc: [0.9846938848495483, 0.9911894202232361, 0.9195736646652222, 0.4900990128517151, 0.9256619215011597, 0.8609865307807922, 0.9634655714035034, 0.5651751160621643, 0.9024640917778015, 0.9316154718399048]
 Testing Label Acc: [0.981632649898529, 0.9885462522506714, 0.9224806427955627, 0.7079207897186279, 0.9501018524169922, 0.8890134692192078, 0.9561586380004883, 0.7538910508155823, 0.9209445714950562, 0.9187313914299011]
 Testing Label Acc: [0.9795918464660645, 0.9876651763916016, 0.9263566136360168, 0.7376237511634827, 0.9389002323150635, 0.8968609571456909, 0.9634655714035034, 0.7188715934753418, 0.9199178814888, 0.9137760400772095]
 Testing Label Acc: [0.9826530814170837, 0.9903083443641663, 0.9166666865348816, 0.6930692791938782, 0.9226069450378418, 0.8677130341529846, 0.9645093679428101, 0.6468871831893921, 0.9229979515075684, 0.9256689548492432]
 Testing Label Acc: [0.9806122183799744, 0.9885462522506714, 0.9040697813034058, 0.7465346455574036, 0.9063136577606201, 0.884529173374176, 0.9592902064323425, 0.7042801380157471, 0.918891191482544, 0.935579776763916]
 Testing Label Acc: [0.9785714149475098, 0.9903083443641663, 0.9282945990562439, 0.7376237511634827, 0.914460301399231, 0.8699551820755005, 0.9634655714035034, 0.6780155897140503, 0.9096509218215942, 0.9365708827972412]
 Testing Label Acc: [0.9775510430335999, 0.9894273281097412, 0.9224806427955627, 0.6435643434524536, 0.8971486687660217, 0.8755605220794678, 0.9645093679428101, 0.6653696298599243, 0.9117043018341064, 0.9464816451072693]
 Testing Label Acc: [0.9836734533309937, 0.9903083443641663, 0.9263566136360168, 0.8138613700866699, 0.9164969325065613, 0.8822869658470154, 0.9572024941444397, 0.7762646079063416, 0.9127309918403625, 0.9365708827972412]
