 Testing Label Acc: [1.0, 0.0, 0.0, 0.0, 0.0, 0.0, 0.0, 0.0, 0.0, 0.0]
 Testing Label Acc: [1.0, 0.0, 0.0, 0.0, 0.0, 0.0, 0.0, 0.0, 0.0, 0.0]
 Testing Label Acc: [1.0, 0.0, 0.0, 0.0, 0.0, 0.0, 0.0, 0.0, 0.0, 0.0]
 Testing Label Acc: [1.0, 0.0, 0.0, 0.0, 0.0, 0.0, 0.0, 0.0, 0.0, 0.0]
 Testing Label Acc: [1.0, 0.0, 0.0, 0.0, 0.0, 0.0, 0.0, 0.0, 0.0, 0.0]
 Testing Label Acc: [1.0, 0.0, 0.0, 0.0, 0.0, 0.0, 0.0, 0.0, 0.0, 0.0]
 Testing Label Acc: [1.0, 0.0, 0.0, 0.0, 0.0, 0.0, 0.0, 0.0, 0.0, 0.0]
 Testing Label Acc: [1.0, 0.0, 0.0, 0.0, 0.0, 0.0, 0.0, 0.0, 0.0, 0.0]
 Testing Label Acc: [1.0, 0.0, 0.0, 0.0, 0.0, 0.0, 0.0, 0.0, 0.0, 0.0]
 Testing Label Acc: [1.0, 0.0, 0.0, 0.0, 0.0, 0.0, 0.0, 0.0, 0.0, 0.0]
 Testing Label Acc: [0.9710000157356262, 0.2240000069141388, 0.42500001192092896, 0.453000009059906, 0.3190000057220459, 0.0, 0.1379999965429306, 0.8500000238418579, 0.8759999871253967, 0.972000002861023]
 Testing Label Acc: [0.9879999756813049, 0.0, 0.0, 0.328000009059906, 0.0, 0.0, 0.0, 0.996999979019165, 0.3019999861717224, 0.5210000276565552]
 Testing Label Acc: [0.8880000114440918, 0.0, 0.03999999910593033, 0.6449999809265137, 0.7289999723434448, 0.0, 0.0010000000474974513, 0.7699999809265137, 0.30300000309944153, 0.9869999885559082]
 Testing Label Acc: [0.0, 0.0, 0.0, 0.0, 1.0, 0.0, 0.0, 0.0, 0.0, 0.0]
 Testing Label Acc: [0.7289999723434448, 0.8410000205039978, 0.257999986410141, 0.8190000057220459, 0.828000009059906, 0.597000002861023, 0.37299999594688416, 0.9390000104904175, 0.9089999794960022, 0.9089999794960022]
 Testing Label Acc: [0.2879999876022339, 0.18000000715255737, 0.0, 0.5239999890327454, 0.0, 0.0, 0.9559999704360962, 0.8339999914169312, 0.7170000076293945, 0.9480000138282776]
 Testing Label Acc: [0.8500000238418579, 0.3269999921321869, 0.1809999942779541, 0.4909999966621399, 0.32899999618530273, 0.0, 0.5329999923706055, 0.9380000233650208, 0.9330000281333923, 0.8920000195503235]
 Testing Label Acc: [0.8759999871253967, 0.0, 0.0, 0.0, 0.0, 0.0, 0.5040000081062317, 0.5720000267028809, 0.9490000009536743, 0.9459999799728394]
 Testing Label Acc: [0.42500001192092896, 0.0, 0.0, 0.42500001192092896, 0.05000000074505806, 0.0, 0.8579999804496765, 0.824999988079071, 0.8059999942779541, 0.9620000123977661]
 Testing Label Acc: [0.7730000019073486, 0.42399999499320984, 0.0, 0.800000011920929, 0.7070000171661377, 0.00800000037997961, 0.30799999833106995, 0.8270000219345093, 0.8460000157356262, 0.968999981880188]
 Testing Label Acc: [1.0, 0.0, 0.0, 0.0, 0.0, 0.0, 0.0, 0.0, 0.0, 0.0]
 Testing Label Acc: [1.0, 0.0, 0.0, 0.0, 0.0, 0.0, 0.0, 0.0, 0.0, 0.0]
 Testing Label Acc: [1.0, 0.0, 0.0, 0.0, 0.0, 0.0, 0.0, 0.0, 0.0, 0.0]
 Testing Label Acc: [1.0, 0.0, 0.0, 0.0, 0.0, 0.0, 0.0, 0.0, 0.0, 0.0]
 Testing Label Acc: [1.0, 0.0, 0.0, 0.0, 0.0, 0.0, 0.0, 0.0, 0.0, 0.0]
 Testing Label Acc: [1.0, 0.0, 0.0, 0.0, 0.0, 0.0, 0.0, 0.0, 0.0, 0.0]
 Testing Label Acc: [1.0, 0.0, 0.0, 0.0, 0.0, 0.0, 0.0, 0.0, 0.0, 0.0]
 Testing Label Acc: [1.0, 0.0, 0.0, 0.0, 0.0, 0.0, 0.0, 0.0, 0.0, 0.0]
 Testing Label Acc: [1.0, 0.0, 0.0, 0.0, 0.0, 0.0, 0.0, 0.0, 0.0, 0.0]
 Testing Label Acc: [1.0, 0.0, 0.0, 0.0, 0.0, 0.0, 0.0, 0.0, 0.0, 0.0]
 Testing Label Acc: [0.8349999785423279, 0.6579999923706055, 0.0, 0.9190000295639038, 0.07400000095367432, 0.0, 0.0010000000474974513, 0.8759999871253967, 0.8970000147819519, 0.9660000205039978]
 Testing Label Acc: [0.7260000109672546, 0.5410000085830688, 0.02500000037252903, 0.8930000066757202, 0.8190000057220459, 0.003000000026077032, 0.1809999942779541, 0.984000027179718, 0.9350000023841858, 0.8330000042915344]
 Testing Label Acc: [0.890999972820282, 0.671999990940094, 0.20600000023841858, 0.8370000123977661, 0.8169999718666077, 0.0729999989271164, 0.0, 0.8799999952316284, 0.8939999938011169, 0.9639999866485596]
 Testing Label Acc: [0.7120000123977661, 0.028999999165534973, 0.019999999552965164, 0.4449999928474426, 0.9890000224113464, 0.0, 0.04100000113248825, 0.9210000038146973, 0.609000027179718, 0.9369999766349792]
 Testing Label Acc: [0.625, 0.9200000166893005, 0.17000000178813934, 0.902999997138977, 0.7900000214576721, 0.781000018119812, 0.5830000042915344, 0.9290000200271606, 0.8500000238418579, 0.9120000004768372]
 Testing Label Acc: [0.5049999952316284, 0.49000000953674316, 0.0, 0.9369999766349792, 0.6690000295639038, 0.012000000104308128, 0.41499999165534973, 0.9710000157356262, 0.6190000176429749, 0.8679999709129333]
 Testing Label Acc: [0.8259999752044678, 0.8989999890327454, 0.6129999756813049, 0.8259999752044678, 0.8059999942779541, 0.718999981880188, 0.3179999887943268, 0.9300000071525574, 0.9200000166893005, 0.9319999814033508]
 Testing Label Acc: [0.0, 0.024000000208616257, 0.0, 0.0, 0.0010000000474974513, 0.0010000000474974513, 1.0, 0.2759999930858612, 0.1809999942779541, 0.43799999356269836]
 Testing Label Acc: [0.6740000247955322, 0.8790000081062317, 0.0, 0.7710000276565552, 0.6629999876022339, 0.0949999988079071, 0.640999972820282, 0.9470000267028809, 0.8820000290870667, 0.9160000085830688]
 Testing Label Acc: [0.40299999713897705, 0.6919999718666077, 0.0, 0.7239999771118164, 0.0860000029206276, 0.18299999833106995, 0.8500000238418579, 0.9739999771118164, 0.9290000200271606, 0.871999979019165]
 Testing Label Acc: [1.0, 0.0, 0.0, 0.0, 0.0, 0.0, 0.0, 0.0, 0.0, 0.0]
 Testing Label Acc: [1.0, 0.0, 0.0, 0.0, 0.0, 0.0, 0.0, 0.0, 0.0, 0.0]
 Testing Label Acc: [1.0, 0.0, 0.0, 0.0, 0.0, 0.0, 0.0, 0.0, 0.0, 0.0]
 Testing Label Acc: [1.0, 0.0, 0.0, 0.0, 0.0, 0.0, 0.0, 0.0, 0.0, 0.0]
 Testing Label Acc: [0.9070000052452087, 0.949999988079071, 0.38100001215934753, 0.800000011920929, 0.6669999957084656, 0.9210000038146973, 0.47200000286102295, 0.8209999799728394, 0.9049999713897705, 0.9539999961853027]
 Testing Label Acc: [1.0, 0.0, 0.0, 0.0, 0.0, 0.0, 0.0, 0.0, 0.0, 0.0]
 Testing Label Acc: [0.6869999766349792, 0.953000009059906, 0.00800000037997961, 0.8989999890327454, 0.7860000133514404, 0.9620000123977661, 0.32600000500679016, 0.6940000057220459, 0.9449999928474426, 0.949999988079071]
 Testing Label Acc: [1.0, 0.0, 0.0, 0.0, 0.0, 0.0, 0.0, 0.0, 0.0, 0.0]
 Testing Label Acc: [1.0, 0.0, 0.0, 0.0, 0.0, 0.0, 0.0, 0.0, 0.0, 0.0]
 Testing Label Acc: [1.0, 0.0, 0.0, 0.0, 0.0, 0.0, 0.0, 0.0, 0.0, 0.0]
 Testing Label Acc: [0.9369999766349792, 0.7289999723434448, 0.0, 0.8389999866485596, 0.22499999403953552, 0.0, 0.1080000028014183, 0.9150000214576721, 0.8069999814033508, 0.949999988079071]
 Testing Label Acc: [0.609000027179718, 0.9380000233650208, 0.010999999940395355, 0.8180000185966492, 0.5019999742507935, 0.0020000000949949026, 0.02199999988079071, 0.9610000252723694, 0.9089999794960022, 0.9160000085830688]
 Testing Label Acc: [0.8889999985694885, 0.9110000133514404, 0.28299999237060547, 0.8669999837875366, 0.8629999756813049, 0.17900000512599945, 0.04699999839067459, 0.9419999718666077, 0.8759999871253967, 0.9330000281333923]
 Testing Label Acc: [0.9330000281333923, 0.8560000061988831, 0.3889999985694885, 0.6859999895095825, 0.9309999942779541, 0.22699999809265137, 0.0820000022649765, 0.9319999814033508, 0.8820000290870667, 0.9380000233650208]
 Testing Label Acc: [0.6119999885559082, 0.9449999928474426, 0.04500000178813934, 0.8619999885559082, 0.9020000100135803, 0.8360000252723694, 0.4819999933242798, 0.9129999876022339, 0.9259999990463257, 0.9309999942779541]
 Testing Label Acc: [0.7459999918937683, 0.8849999904632568, 0.0, 0.921999990940094, 0.6510000228881836, 0.6449999809265137, 0.5609999895095825, 0.9610000252723694, 0.8450000286102295, 0.9129999876022339]
 Testing Label Acc: [0.7839999794960022, 0.9290000200271606, 0.36500000953674316, 0.8769999742507935, 0.7760000228881836, 0.8640000224113464, 0.5519999861717224, 0.9390000104904175, 0.9309999942779541, 0.9129999876022339]
 Testing Label Acc: [0.0, 0.16200000047683716, 0.0, 0.0, 0.0010000000474974513, 0.0020000000949949026, 1.0, 0.31299999356269836, 0.3479999899864197, 0.14499999582767487]
 Testing Label Acc: [0.7599999904632568, 0.9160000085830688, 0.0, 0.8500000238418579, 0.7670000195503235, 0.7580000162124634, 0.550000011920929, 0.8989999890327454, 0.9110000133514404, 0.9509999752044678]
 Testing Label Acc: [0.828000009059906, 0.8960000276565552, 0.4230000078678131, 0.8669999837875366, 0.8320000171661377, 0.7429999709129333, 0.45899999141693115, 0.9390000104904175, 0.9150000214576721, 0.9350000023841858]
 Testing Label Acc: [1.0, 0.0, 0.0, 0.0, 0.0, 0.0, 0.0, 0.0, 0.0, 0.0]
 Testing Label Acc: [1.0, 0.0, 0.0, 0.0, 0.0, 0.0, 0.0, 0.0, 0.0, 0.0]
 Testing Label Acc: [1.0, 0.0, 0.0, 0.0, 0.0, 0.0, 0.0, 0.0, 0.0, 0.0]
 Testing Label Acc: [1.0, 0.0, 0.0, 0.0, 0.0, 0.0, 0.0, 0.0, 0.0, 0.0]
 Testing Label Acc: [0.8659999966621399, 0.9559999704360962, 0.28999999165534973, 0.8489999771118164, 0.7210000157356262, 0.9449999928474426, 0.49799999594688416, 0.8640000224113464, 0.8859999775886536, 0.9200000166893005]
 Testing Label Acc: [1.0, 0.0, 0.0, 0.0, 0.0, 0.0, 0.0, 0.0, 0.0, 0.0]
 Testing Label Acc: [0.7329999804496765, 0.9319999814033508, 0.0, 0.9179999828338623, 0.8679999709129333, 0.9259999990463257, 0.3440000116825104, 0.7910000085830688, 0.9409999847412109, 0.9750000238418579]
 Testing Label Acc: [1.0, 0.0, 0.0, 0.0, 0.0, 0.0, 0.0, 0.0, 0.0, 0.0]
 Testing Label Acc: [0.7929999828338623, 0.9580000042915344, 0.6869999766349792, 0.8560000061988831, 0.7139999866485596, 0.9409999847412109, 0.421999990940094, 0.8600000143051147, 0.9049999713897705, 0.9330000281333923]
 Testing Label Acc: [0.7789999842643738, 0.949999988079071, 0.09799999743700027, 0.9150000214576721, 0.8299999833106995, 0.9330000281333923, 0.421999990940094, 0.8119999766349792, 0.9330000281333923, 0.9589999914169312]
 Testing Label Acc: [0.9890000224113464, 0.800000011920929, 0.0, 0.33500000834465027, 0.0010000000474974513, 0.0, 0.0, 0.8610000014305115, 0.8529999852180481, 0.9779999852180481]
 Testing Label Acc: [0.6919999718666077, 0.9179999828338623, 0.5040000081062317, 0.8259999752044678, 0.8999999761581421, 0.14800000190734863, 0.29100000858306885, 0.9710000157356262, 0.7710000276565552, 0.8989999890327454]
 Testing Label Acc: [0.7549999952316284, 0.9240000247955322, 0.0, 0.8659999966621399, 0.9359999895095825, 0.37599998712539673, 0.0020000000949949026, 0.9900000095367432, 0.7699999809265137, 0.8040000200271606]
 Testing Label Acc: [0.871999979019165, 0.9229999780654907, 0.20399999618530273, 0.8370000123977661, 0.9300000071525574, 0.6869999766349792, 0.11400000005960464, 0.9789999723434448, 0.9509999752044678, 0.8799999952316284]
 Testing Label Acc: [0.8220000267028809, 0.9300000071525574, 0.11800000071525574, 0.7839999794960022, 0.9539999961853027, 0.8569999933242798, 0.33399999141693115, 0.9020000100135803, 0.9559999704360962, 0.9409999847412109]
 Testing Label Acc: [0.7490000128746033, 0.9330000281333923, 0.0020000000949949026, 0.8460000157356262, 0.859000027179718, 0.6729999780654907, 0.4869999885559082, 0.9359999895095825, 0.9240000247955322, 0.9399999976158142]
 Testing Label Acc: [0.843999981880188, 0.925000011920929, 0.5249999761581421, 0.890999972820282, 0.7129999995231628, 0.9089999794960022, 0.4880000054836273, 0.9089999794960022, 0.9399999976158142, 0.925000011920929]
 Testing Label Acc: [0.7770000100135803, 0.6919999718666077, 0.008999999612569809, 0.8029999732971191, 0.4390000104904175, 0.012000000104308128, 0.5770000219345093, 0.9049999713897705, 0.9750000238418579, 0.9430000185966492]
 Testing Label Acc: [0.8140000104904175, 0.9490000009536743, 0.4569999873638153, 0.8560000061988831, 0.7910000085830688, 0.9350000023841858, 0.4819999933242798, 0.8560000061988831, 0.9129999876022339, 0.9409999847412109]
 Testing Label Acc: [0.8050000071525574, 0.921999990940094, 0.009999999776482582, 0.843999981880188, 0.7609999775886536, 0.9259999990463257, 0.6299999952316284, 0.925000011920929, 0.9259999990463257, 0.9200000166893005]
 Testing Label Acc: [1.0, 0.0, 0.0, 0.0, 0.0, 0.0, 0.0, 0.0, 0.0, 0.0]
 Testing Label Acc: [1.0, 0.0, 0.0, 0.0, 0.0, 0.0, 0.0, 0.0, 0.0, 0.0]
 Testing Label Acc: [1.0, 0.0, 0.0, 0.0, 0.0, 0.0, 0.0, 0.0, 0.0, 0.0]
 Testing Label Acc: [0.7770000100135803, 0.9620000123977661, 0.6019999980926514, 0.8349999785423279, 0.8009999990463257, 0.9169999957084656, 0.5080000162124634, 0.9160000085830688, 0.9340000152587891, 0.9259999990463257]
 Testing Label Acc: [0.8069999814033508, 0.9599999785423279, 0.5649999976158142, 0.8899999856948853, 0.7699999809265137, 0.925000011920929, 0.4429999887943268, 0.8889999985694885, 0.9409999847412109, 0.9359999895095825]
 Testing Label Acc: [0.878000020980835, 0.9470000267028809, 0.33399999141693115, 0.8399999737739563, 0.7480000257492065, 0.968999981880188, 0.5149999856948853, 0.8489999771118164, 0.8809999823570251, 0.8550000190734863]
 Testing Label Acc: [0.8069999814033508, 0.949999988079071, 0.5550000071525574, 0.8539999723434448, 0.7770000100135803, 0.9340000152587891, 0.5360000133514404, 0.8500000238418579, 0.9240000247955322, 0.9509999752044678]
 Testing Label Acc: [1.0, 0.0, 0.0, 0.0, 0.0, 0.0, 0.0, 0.0, 0.0, 0.0]
 Testing Label Acc: [0.7689999938011169, 0.9340000152587891, 0.09700000286102295, 0.8840000033378601, 0.8759999871253967, 0.9089999794960022, 0.4490000009536743, 0.8970000147819519, 0.9300000071525574, 0.9350000023841858]
 Testing Label Acc: [0.8119999766349792, 0.9399999976158142, 0.0729999989271164, 0.949999988079071, 0.8629999756813049, 0.8529999852180481, 0.1459999978542328, 0.8799999952316284, 0.953000009059906, 0.9629999995231628]
 Testing Label Acc: [0.9580000042915344, 0.7269999980926514, 0.0, 0.6510000228881836, 0.13199999928474426, 0.0, 0.004999999888241291, 0.9430000185966492, 0.949999988079071, 0.9340000152587891]
 Testing Label Acc: [0.30799999833106995, 0.9459999799728394, 0.18799999356269836, 0.6029999852180481, 0.953000009059906, 0.1379999965429306, 0.14000000059604645, 0.9890000224113464, 0.2669999897480011, 0.8090000152587891]
 Testing Label Acc: [0.8579999804496765, 0.8949999809265137, 0.0, 0.8870000243186951, 0.9200000166893005, 0.28200000524520874, 0.0, 0.9860000014305115, 0.7879999876022339, 0.8690000176429749]
 Testing Label Acc: [0.8320000171661377, 0.9309999942779541, 0.14399999380111694, 0.8799999952316284, 0.8870000243186951, 0.9150000214576721, 0.39399999380111694, 0.890999972820282, 0.9470000267028809, 0.9490000009536743]
 Testing Label Acc: [0.9190000295639038, 0.9160000085830688, 0.0, 0.7409999966621399, 0.7860000133514404, 0.8889999985694885, 0.45100000500679016, 0.8960000276565552, 0.9390000104904175, 0.9430000185966492]
 Testing Label Acc: [0.8019999861717224, 0.9440000057220459, 0.7570000290870667, 0.8690000176429749, 0.734000027179718, 0.9490000009536743, 0.5009999871253967, 0.8830000162124634, 0.9210000038146973, 0.9330000281333923]
 Testing Label Acc: [0.8040000200271606, 0.953000009059906, 0.7730000019073486, 0.8600000143051147, 0.6949999928474426, 0.9309999942779541, 0.453000009059906, 0.8899999856948853, 0.9330000281333923, 0.9409999847412109]
 Testing Label Acc: [0.7450000047683716, 0.8859999775886536, 0.04800000041723251, 0.8870000243186951, 0.4410000145435333, 0.2770000100135803, 0.7049999833106995, 0.9559999704360962, 0.9179999828338623, 0.9330000281333923]
 Testing Label Acc: [0.8299999833106995, 0.9290000200271606, 0.38100001215934753, 0.8759999871253967, 0.7310000061988831, 0.9269999861717224, 0.5720000267028809, 0.8759999871253967, 0.9440000057220459, 0.9459999799728394]
 Testing Label Acc: [0.7570000290870667, 0.9340000152587891, 0.2639999985694885, 0.8659999966621399, 0.6129999756813049, 0.9380000233650208, 0.7139999866485596, 0.9190000295639038, 0.8980000019073486, 0.9129999876022339]
 Testing Label Acc: [1.0, 0.0, 0.0, 0.0, 0.0, 0.0, 0.0, 0.0, 0.0, 0.0]
 Testing Label Acc: [1.0, 0.0, 0.0, 0.0, 0.0, 0.0, 0.0, 0.0, 0.0, 0.0]
 Testing Label Acc: [1.0, 0.0, 0.0, 0.0, 0.0, 0.0, 0.0, 0.0, 0.0, 0.0]
 Testing Label Acc: [0.7689999938011169, 0.9570000171661377, 0.009999999776482582, 0.8539999723434448, 0.8050000071525574, 0.9010000228881836, 0.5189999938011169, 0.9359999895095825, 0.9549999833106995, 0.9210000038146973]
 Testing Label Acc: [0.777999997138977, 0.9539999961853027, 0.49799999594688416, 0.8849999904632568, 0.8880000114440918, 0.9139999747276306, 0.3440000116825104, 0.9010000228881836, 0.9190000295639038, 0.9319999814033508]
 Testing Label Acc: [0.7749999761581421, 0.9430000185966492, 0.4970000088214874, 0.8669999837875366, 0.777999997138977, 0.921999990940094, 0.6330000162124634, 0.8859999775886536, 0.9319999814033508, 0.949999988079071]
 Testing Label Acc: [0.8330000042915344, 0.9440000057220459, 0.7369999885559082, 0.8669999837875366, 0.7900000214576721, 0.9309999942779541, 0.40799999237060547, 0.8939999938011169, 0.9409999847412109, 0.9449999928474426]
 Testing Label Acc: [1.0, 0.0, 0.0, 0.0, 0.0, 0.0, 0.0, 0.0, 0.0, 0.0]
 Testing Label Acc: [0.7269999980926514, 0.9359999895095825, 0.06800000369548798, 0.9020000100135803, 0.9089999794960022, 0.7929999828338623, 0.34200000762939453, 0.9649999737739563, 0.949999988079071, 0.9200000166893005]
 Testing Label Acc: [0.8230000138282776, 0.9470000267028809, 0.6399999856948853, 0.8949999809265137, 0.828000009059906, 0.9190000295639038, 0.4309999942779541, 0.9049999713897705, 0.9200000166893005, 0.9380000233650208]
 Testing Label Acc: [1.0, 0.0, 0.0, 0.0, 0.0, 0.0, 0.0, 0.0, 0.0, 0.0]
 Testing Label Acc: [0.746999979019165, 0.9459999799728394, 0.23600000143051147, 0.8899999856948853, 0.8360000252723694, 0.609000027179718, 0.43700000643730164, 0.9509999752044678, 0.8849999904632568, 0.9449999928474426]
 Testing Label Acc: [0.9039999842643738, 0.7149999737739563, 0.0, 0.5709999799728394, 0.35199999809265137, 0.10400000214576721, 0.0, 0.9980000257492065, 0.2849999964237213, 0.15000000596046448]
 Testing Label Acc: [0.8019999861717224, 0.9419999718666077, 0.503000020980835, 0.8790000081062317, 0.7929999828338623, 0.9309999942779541, 0.49300000071525574, 0.8809999823570251, 0.9309999942779541, 0.9490000009536743]
 Testing Label Acc: [0.8240000009536743, 0.949999988079071, 0.8029999732971191, 0.8669999837875366, 0.7570000290870667, 0.9290000200271606, 0.42500001192092896, 0.9010000228881836, 0.9300000071525574, 0.9409999847412109]
 Testing Label Acc: [0.8410000205039978, 0.9129999876022339, 0.00800000037997961, 0.9259999990463257, 0.8289999961853027, 0.9010000228881836, 0.33500000834465027, 0.8999999761581421, 0.9620000123977661, 0.9570000171661377]
 Testing Label Acc: [0.8659999966621399, 0.9399999976158142, 0.5090000033378601, 0.8709999918937683, 0.7850000262260437, 0.9309999942779541, 0.5249999761581421, 0.890999972820282, 0.9470000267028809, 0.9480000138282776]
 Testing Label Acc: [0.7979999780654907, 0.9169999957084656, 0.0, 0.9330000281333923, 0.5170000195503235, 0.8510000109672546, 0.42100000381469727, 0.9610000252723694, 0.9449999928474426, 0.9179999828338623]
 Testing Label Acc: [0.765999972820282, 0.9449999928474426, 0.2329999953508377, 0.8500000238418579, 0.699999988079071, 0.9290000200271606, 0.6980000138282776, 0.9290000200271606, 0.9079999923706055, 0.8960000276565552]
 Testing Label Acc: [0.8140000104904175, 0.9409999847412109, 0.3919999897480011, 0.8939999938011169, 0.8090000152587891, 0.9010000228881836, 0.5529999732971191, 0.902999997138977, 0.9399999976158142, 0.9480000138282776]
 Testing Label Acc: [1.0, 0.0, 0.0, 0.0, 0.0, 0.0, 0.0, 0.0, 0.0, 0.0]
 Testing Label Acc: [1.0, 0.0, 0.0, 0.0, 0.0, 0.0, 0.0, 0.0, 0.0, 0.0]
 Testing Label Acc: [1.0, 0.0, 0.0, 0.0, 0.0, 0.0, 0.0, 0.0, 0.0, 0.0]
 Testing Label Acc: [0.8370000123977661, 0.9449999928474426, 0.3529999852180481, 0.8169999718666077, 0.8140000104904175, 0.9240000247955322, 0.5389999747276306, 0.9290000200271606, 0.9380000233650208, 0.9290000200271606]
 Testing Label Acc: [0.8650000095367432, 0.949999988079071, 0.5609999895095825, 0.8550000190734863, 0.8320000171661377, 0.9330000281333923, 0.4659999907016754, 0.8859999775886536, 0.9480000138282776, 0.9440000057220459]
 Testing Label Acc: [0.6389999985694885, 0.953000009059906, 0.023000000044703484, 0.8130000233650208, 0.7049999833106995, 0.9240000247955322, 0.8029999732971191, 0.9340000152587891, 0.9190000295639038, 0.9179999828338623]
 Testing Label Acc: [0.8360000252723694, 0.9350000023841858, 0.3799999952316284, 0.9070000052452087, 0.8519999980926514, 0.9169999957084656, 0.4320000112056732, 0.9039999842643738, 0.953000009059906, 0.9430000185966492]
 Testing Label Acc: [1.0, 0.0, 0.0, 0.0, 0.0, 0.0, 0.0, 0.0, 0.0, 0.0]
 Testing Label Acc: [0.7559999823570251, 0.9419999718666077, 0.17800000309944153, 0.890999972820282, 0.921999990940094, 0.9380000233650208, 0.3230000138282776, 0.8830000162124634, 0.9620000123977661, 0.9359999895095825]
 Testing Label Acc: [0.8009999990463257, 0.9440000057220459, 0.8069999814033508, 0.8809999823570251, 0.7269999980926514, 0.921999990940094, 0.47200000286102295, 0.9079999923706055, 0.9369999766349792, 0.9409999847412109]
 Testing Label Acc: [1.0, 0.0, 0.0, 0.0, 0.0, 0.0, 0.0, 0.0, 0.0, 0.0]
 Testing Label Acc: [0.7870000004768372, 0.925000011920929, 0.0, 0.8790000081062317, 0.8840000033378601, 0.6499999761581421, 0.3619999885559082, 0.972000002861023, 0.9419999718666077, 0.9169999957084656]
 Testing Label Acc: [1.0, 0.0, 0.0, 0.0, 0.0, 0.0, 0.0, 0.0, 0.0, 0.0]
 Testing Label Acc: [0.8320000171661377, 0.9419999718666077, 0.38600000739097595, 0.8669999837875366, 0.8569999933242798, 0.9190000295639038, 0.4569999873638153, 0.9089999794960022, 0.9480000138282776, 0.9449999928474426]
 Testing Label Acc: [0.8040000200271606, 0.9409999847412109, 0.6309999823570251, 0.8920000195503235, 0.7960000038146973, 0.9350000023841858, 0.5329999923706055, 0.8830000162124634, 0.9449999928474426, 0.9459999799728394]
 Testing Label Acc: [0.9100000262260437, 0.9350000023841858, 0.23999999463558197, 0.871999979019165, 0.8640000224113464, 0.9139999747276306, 0.3019999861717224, 0.8949999809265137, 0.9390000104904175, 0.9570000171661377]
 Testing Label Acc: [0.8759999871253967, 0.9480000138282776, 0.6370000243186951, 0.8709999918937683, 0.8040000200271606, 0.9419999718666077, 0.4950000047683716, 0.8930000066757202, 0.9440000057220459, 0.9449999928474426]
 Testing Label Acc: [0.8930000066757202, 0.925000011920929, 0.0010000000474974513, 0.9210000038146973, 0.6970000267028809, 0.906000018119812, 0.4339999854564667, 0.9440000057220459, 0.9480000138282776, 0.9369999766349792]
 Testing Label Acc: [0.8460000157356262, 0.9350000023841858, 0.0, 0.8159999847412109, 0.460999995470047, 0.902999997138977, 0.5490000247955322, 0.9580000042915344, 0.8050000071525574, 0.8659999966621399]
 Testing Label Acc: [0.8130000233650208, 0.9440000057220459, 0.5600000023841858, 0.8560000061988831, 0.8640000224113464, 0.9290000200271606, 0.48100000619888306, 0.9120000004768372, 0.9459999799728394, 0.9380000233650208]
 Testing Label Acc: [1.0, 0.0, 0.0, 0.0, 0.0, 0.0, 0.0, 0.0, 0.0, 0.0]
 Testing Label Acc: [1.0, 0.0, 0.0, 0.0, 0.0, 0.0, 0.0, 0.0, 0.0, 0.0]
 Testing Label Acc: [1.0, 0.0, 0.0, 0.0, 0.0, 0.0, 0.0, 0.0, 0.0, 0.0]
 Testing Label Acc: [0.8209999799728394, 0.9449999928474426, 0.7749999761581421, 0.8619999885559082, 0.7509999871253967, 0.9359999895095825, 0.45399999618530273, 0.9120000004768372, 0.9419999718666077, 0.9369999766349792]
 Testing Label Acc: [0.8500000238418579, 0.9470000267028809, 0.6370000243186951, 0.8920000195503235, 0.7509999871253967, 0.9290000200271606, 0.5120000243186951, 0.8920000195503235, 0.9509999752044678, 0.9490000009536743]
 Testing Label Acc: [0.6959999799728394, 0.949999988079071, 0.06800000369548798, 0.8529999852180481, 0.7039999961853027, 0.9079999923706055, 0.7789999842643738, 0.9549999833106995, 0.9390000104904175, 0.9020000100135803]
 Testing Label Acc: [0.847000002861023, 0.9509999752044678, 0.3400000035762787, 0.8700000047683716, 0.8270000219345093, 0.9380000233650208, 0.5239999890327454, 0.8669999837875366, 0.9409999847412109, 0.9620000123977661]
 Testing Label Acc: [1.0, 0.0, 0.0, 0.0, 0.0, 0.0, 0.0, 0.0, 0.0, 0.0]
 Testing Label Acc: [0.7870000004768372, 0.9440000057220459, 0.20800000429153442, 0.8270000219345093, 0.9739999771118164, 0.8999999761581421, 0.13199999928474426, 0.9369999766349792, 0.9459999799728394, 0.9330000281333923]
 Testing Label Acc: [0.7979999780654907, 0.9440000057220459, 0.40299999713897705, 0.9120000004768372, 0.8130000233650208, 0.9120000004768372, 0.5350000262260437, 0.9330000281333923, 0.9490000009536743, 0.9390000104904175]
 Testing Label Acc: [1.0, 0.0, 0.0, 0.0, 0.0, 0.0, 0.0, 0.0, 0.0, 0.0]
 Testing Label Acc: [0.6809999942779541, 0.9079999923706055, 0.0, 0.765999972820282, 0.8389999866485596, 0.4779999852180481, 0.5630000233650208, 0.9789999723434448, 0.9430000185966492, 0.9110000133514404]
 Testing Label Acc: [1.0, 0.0, 0.0, 0.0, 0.0, 0.0, 0.0, 0.0, 0.0, 0.0]
 Testing Label Acc: [0.828000009059906, 0.9449999928474426, 0.7889999747276306, 0.8679999709129333, 0.7300000190734863, 0.9459999799728394, 0.4790000021457672, 0.9070000052452087, 0.9409999847412109, 0.9390000104904175]
 Testing Label Acc: [0.8289999961853027, 0.9459999799728394, 0.7860000133514404, 0.8790000081062317, 0.7409999966621399, 0.9380000233650208, 0.5019999742507935, 0.9120000004768372, 0.9399999976158142, 0.9390000104904175]
 Testing Label Acc: [0.8610000014305115, 0.9419999718666077, 0.012000000104308128, 0.8939999938011169, 0.9010000228881836, 0.9190000295639038, 0.2800000011920929, 0.9079999923706055, 0.9340000152587891, 0.9520000219345093]
 Testing Label Acc: [0.8149999976158142, 0.9319999814033508, 0.20499999821186066, 0.9020000100135803, 0.7639999985694885, 0.9100000262260437, 0.5379999876022339, 0.9039999842643738, 0.9539999961853027, 0.949999988079071]
 Testing Label Acc: [0.9079999923706055, 0.9359999895095825, 0.05900000035762787, 0.8980000019073486, 0.843999981880188, 0.921999990940094, 0.3889999985694885, 0.9409999847412109, 0.9390000104904175, 0.9380000233650208]
 Testing Label Acc: [0.6890000104904175, 0.925000011920929, 0.0, 0.8820000290870667, 0.3009999990463257, 0.9079999923706055, 0.8019999861717224, 0.9120000004768372, 0.9380000233650208, 0.9490000009536743]
 Testing Label Acc: [0.8190000057220459, 0.9509999752044678, 0.6340000033378601, 0.8700000047683716, 0.847000002861023, 0.9309999942779541, 0.49399998784065247, 0.9319999814033508, 0.9520000219345093, 0.9319999814033508]
 Testing Label Acc: [1.0, 0.0, 0.0, 0.0, 0.0, 0.0, 0.0, 0.0, 0.0, 0.0]
 Testing Label Acc: [1.0, 0.0, 0.0, 0.0, 0.0, 0.0, 0.0, 0.0, 0.0, 0.0]
 Testing Label Acc: [1.0, 0.0, 0.0, 0.0, 0.0, 0.0, 0.0, 0.0, 0.0, 0.0]
 Testing Label Acc: [0.8370000123977661, 0.9490000009536743, 0.7829999923706055, 0.8659999966621399, 0.75, 0.9390000104904175, 0.453000009059906, 0.9200000166893005, 0.9449999928474426, 0.9380000233650208]
 Testing Label Acc: [0.7229999899864197, 0.9259999990463257, 0.0, 0.9160000085830688, 0.8379999995231628, 0.9319999814033508, 0.5400000214576721, 0.878000020980835, 0.9509999752044678, 0.949999988079071]
 Testing Label Acc: [0.6990000009536743, 0.9440000057220459, 0.1469999998807907, 0.8740000128746033, 0.6970000267028809, 0.9190000295639038, 0.7680000066757202, 0.9440000057220459, 0.902999997138977, 0.9190000295639038]
 Testing Label Acc: [0.8450000286102295, 0.9509999752044678, 0.8159999847412109, 0.8759999871253967, 0.7179999947547913, 0.9449999928474426, 0.47999998927116394, 0.8980000019073486, 0.9459999799728394, 0.9449999928474426]
 Testing Label Acc: [1.0, 0.0, 0.0, 0.0, 0.0, 0.0, 0.0, 0.0, 0.0, 0.0]
 Testing Label Acc: [0.8529999852180481, 0.949999988079071, 0.43700000643730164, 0.8790000081062317, 0.9229999780654907, 0.8849999904632568, 0.23499999940395355, 0.9459999799728394, 0.9539999961853027, 0.9330000281333923]
 Testing Label Acc: [0.8119999766349792, 0.9490000009536743, 0.5929999947547913, 0.871999979019165, 0.8109999895095825, 0.9359999895095825, 0.5789999961853027, 0.8980000019073486, 0.9470000267028809, 0.9580000042915344]
 Testing Label Acc: [1.0, 0.0, 0.0, 0.0, 0.0, 0.0, 0.0, 0.0, 0.0, 0.0]
 Testing Label Acc: [0.6269999742507935, 0.9390000104904175, 0.0, 0.781000018119812, 0.9120000004768372, 0.6489999890327454, 0.4350000023841858, 0.9860000014305115, 0.9710000157356262, 0.878000020980835]
 Testing Label Acc: [1.0, 0.0, 0.0, 0.0, 0.0, 0.0, 0.0, 0.0, 0.0, 0.0]
 Testing Label Acc: [0.8389999866485596, 0.949999988079071, 0.7670000195503235, 0.8600000143051147, 0.7789999842643738, 0.949999988079071, 0.47600001096725464, 0.9120000004768372, 0.9459999799728394, 0.9369999766349792]
 Testing Label Acc: [0.8939999938011169, 0.9350000023841858, 0.5260000228881836, 0.8059999942779541, 0.675000011920929, 0.8889999985694885, 0.5879999995231628, 0.8920000195503235, 0.9620000123977661, 0.9610000252723694]
 Testing Label Acc: [0.8389999866485596, 0.9390000104904175, 0.0, 0.9309999942779541, 0.7749999761581421, 0.8659999966621399, 0.46299999952316284, 0.9459999799728394, 0.9660000205039978, 0.9419999718666077]
 Testing Label Acc: [0.8259999752044678, 0.949999988079071, 0.5920000076293945, 0.8769999742507935, 0.8299999833106995, 0.9440000057220459, 0.5479999780654907, 0.8830000162124634, 0.9449999928474426, 0.9629999995231628]
 Testing Label Acc: [0.890999972820282, 0.9330000281333923, 0.039000000804662704, 0.9229999780654907, 0.8100000023841858, 0.8799999952316284, 0.414000004529953, 0.9350000023841858, 0.9160000085830688, 0.953000009059906]
 Testing Label Acc: [0.7630000114440918, 0.9480000138282776, 0.6290000081062317, 0.8820000290870667, 0.8019999861717224, 0.9390000104904175, 0.5419999957084656, 0.925000011920929, 0.9470000267028809, 0.9279999732971191]
 Testing Label Acc: [0.7919999957084656, 0.9629999995231628, 0.09399999678134918, 0.8930000066757202, 0.8410000205039978, 0.9139999747276306, 0.5109999775886536, 0.9350000023841858, 0.9539999961853027, 0.9359999895095825]
 Testing Label Acc: [1.0, 0.0, 0.0, 0.0, 0.0, 0.0, 0.0, 0.0, 0.0, 0.0]
 Testing Label Acc: [1.0, 0.0, 0.0, 0.0, 0.0, 0.0, 0.0, 0.0, 0.0, 0.0]
 Testing Label Acc: [1.0, 0.0, 0.0, 0.0, 0.0, 0.0, 0.0, 0.0, 0.0, 0.0]
 Testing Label Acc: [0.8809999823570251, 0.9409999847412109, 0.5849999785423279, 0.8659999966621399, 0.8539999723434448, 0.9100000262260437, 0.4429999887943268, 0.9330000281333923, 0.9559999704360962, 0.9399999976158142]
 Testing Label Acc: [0.8180000185966492, 0.9390000104904175, 0.25099998712539673, 0.8980000019073486, 0.9399999976158142, 0.9419999718666077, 0.3610000014305115, 0.8410000205039978, 0.9509999752044678, 0.9660000205039978]
 Testing Label Acc: [0.7210000157356262, 0.9599999785423279, 0.28200000524520874, 0.8539999723434448, 0.7749999761581421, 0.9580000042915344, 0.6809999942779541, 0.9169999957084656, 0.9139999747276306, 0.9160000085830688]
 Testing Label Acc: [0.824999988079071, 0.9509999752044678, 0.7900000214576721, 0.8830000162124634, 0.7630000114440918, 0.9480000138282776, 0.5249999761581421, 0.9049999713897705, 0.9470000267028809, 0.9509999752044678]
 Testing Label Acc: [1.0, 0.0, 0.0, 0.0, 0.0, 0.0, 0.0, 0.0, 0.0, 0.0]
 Testing Label Acc: [0.7570000290870667, 0.9319999814033508, 0.17499999701976776, 0.8960000276565552, 0.7990000247955322, 0.9580000042915344, 0.6259999871253967, 0.8809999823570251, 0.949999988079071, 0.949999988079071]
 Testing Label Acc: [0.8840000033378601, 0.9380000233650208, 0.5070000290870667, 0.9010000228881836, 0.7770000100135803, 0.9480000138282776, 0.5090000033378601, 0.9129999876022339, 0.9380000233650208, 0.9359999895095825]
 Testing Label Acc: [0.007000000216066837, 0.04500000178813934, 0.0, 0.0, 0.0, 0.0, 0.0, 0.0, 1.0, 0.0]
 Testing Label Acc: [0.30000001192092896, 0.0820000022649765, 0.0, 0.8050000071525574, 0.9179999828338623, 0.2879999876022339, 0.492000013589859, 0.9909999966621399, 0.8069999814033508, 0.8100000023841858]
 Testing Label Acc: [1.0, 0.0, 0.0, 0.0, 0.0, 0.0, 0.0, 0.0, 0.0, 0.0]
 Testing Label Acc: [0.8299999833106995, 0.9440000057220459, 0.5550000071525574, 0.8949999809265137, 0.8190000057220459, 0.9449999928474426, 0.5329999923706055, 0.9120000004768372, 0.9459999799728394, 0.9440000057220459]
 Testing Label Acc: [0.7900000214576721, 0.953000009059906, 0.6029999852180481, 0.8619999885559082, 0.718999981880188, 0.9240000247955322, 0.6650000214576721, 0.9169999957084656, 0.9509999752044678, 0.9459999799728394]
 Testing Label Acc: [0.8679999709129333, 0.9459999799728394, 0.39500001072883606, 0.8730000257492065, 0.8650000095367432, 0.9290000200271606, 0.47699999809265137, 0.9049999713897705, 0.9520000219345093, 0.9610000252723694]
 Testing Label Acc: [0.8759999871253967, 0.9570000171661377, 0.5910000205039978, 0.878000020980835, 0.8190000057220459, 0.9430000185966492, 0.5239999890327454, 0.9259999990463257, 0.9610000252723694, 0.9440000057220459]
 Testing Label Acc: [0.8519999980926514, 0.9139999747276306, 0.057999998331069946, 0.9150000214576721, 0.9229999780654907, 0.9089999794960022, 0.28999999165534973, 0.8659999966621399, 0.9380000233650208, 0.9750000238418579]
 Testing Label Acc: [0.8460000157356262, 0.9319999814033508, 0.2409999966621399, 0.9089999794960022, 0.8640000224113464, 0.9169999957084656, 0.47200000286102295, 0.9049999713897705, 0.9589999914169312, 0.9610000252723694]
 Testing Label Acc: [0.703000009059906, 0.949999988079071, 0.003000000026077032, 0.8690000176429749, 0.9290000200271606, 0.8529999852180481, 0.47699999809265137, 0.9430000185966492, 0.949999988079071, 0.9409999847412109]
