 Testing Label Acc: [0.8199999928474426, 0.8939999938011169, 0.2540000081062317, 0.7950000166893005, 0.796999990940094, 0.503000020980835, 0.1860000044107437, 0.9150000214576721, 0.8939999938011169, 0.9409999847412109]
 Testing Label Acc: [0.7570000290870667, 0.8579999804496765, 0.052000001072883606, 0.8510000109672546, 0.6650000214576721, 0.4429999887943268, 0.42500001192092896, 0.9210000038146973, 0.8529999852180481, 0.9319999814033508]
 Testing Label Acc: [0.7760000228881836, 0.8629999756813049, 0.15299999713897705, 0.8460000157356262, 0.746999979019165, 0.5490000247955322, 0.296999990940094, 0.921999990940094, 0.8640000224113464, 0.921999990940094]
 Testing Label Acc: [0.8029999732971191, 0.8379999995231628, 0.05400000140070915, 0.8659999966621399, 0.671999990940094, 0.46700000762939453, 0.36800000071525574, 0.9200000166893005, 0.8759999871253967, 0.9309999942779541]
 Testing Label Acc: [0.8299999833106995, 0.8389999866485596, 0.11299999803304672, 0.8379999995231628, 0.8100000023841858, 0.5429999828338623, 0.17000000178813934, 0.9210000038146973, 0.8389999866485596, 0.9300000071525574]
 Testing Label Acc: [0.7929999828338623, 0.8090000152587891, 0.11699999868869781, 0.8539999723434448, 0.6340000033378601, 0.49300000071525574, 0.41600000858306885, 0.9129999876022339, 0.8500000238418579, 0.9430000185966492]
 Testing Label Acc: [0.871999979019165, 0.8180000185966492, 0.019999999552965164, 0.7229999899864197, 0.5239999890327454, 0.49399998784065247, 0.4970000088214874, 0.9020000100135803, 0.8840000033378601, 0.9459999799728394]
 Testing Label Acc: [0.699999988079071, 0.8479999899864197, 0.11599999666213989, 0.8109999895095825, 0.5040000081062317, 0.48899999260902405, 0.597000002861023, 0.8870000243186951, 0.8379999995231628, 0.9539999961853027]
 Testing Label Acc: [0.7409999966621399, 0.8130000233650208, 0.027000000700354576, 0.8700000047683716, 0.7120000123977661, 0.4490000009536743, 0.4090000092983246, 0.9049999713897705, 0.8840000033378601, 0.9459999799728394]
 Testing Label Acc: [0.7839999794960022, 0.8410000205039978, 0.08100000023841858, 0.8899999856948853, 0.753000020980835, 0.48399999737739563, 0.27300000190734863, 0.9390000104904175, 0.8519999980926514, 0.9079999923706055]
 Testing Label Acc: [0.824999988079071, 0.9340000152587891, 0.41499999165534973, 0.8100000023841858, 0.7450000047683716, 0.8059999942779541, 0.3409999907016754, 0.871999979019165, 0.9049999713897705, 0.9419999718666077]
 Testing Label Acc: [0.7689999938011169, 0.9309999942779541, 0.25099998712539673, 0.8510000109672546, 0.7670000195503235, 0.8659999966621399, 0.3930000066757202, 0.8510000109672546, 0.906000018119812, 0.9459999799728394]
 Testing Label Acc: [0.7739999890327454, 0.921999990940094, 0.2930000126361847, 0.8529999852180481, 0.7929999828338623, 0.7590000033378601, 0.3409999907016754, 0.8820000290870667, 0.9300000071525574, 0.9409999847412109]
 Testing Label Acc: [0.8270000219345093, 0.9380000233650208, 0.3440000116825104, 0.8360000252723694, 0.8069999814033508, 0.7720000147819519, 0.2329999953508377, 0.8889999985694885, 0.9079999923706055, 0.9430000185966492]
 Testing Label Acc: [0.8100000023841858, 0.9240000247955322, 0.3869999945163727, 0.8550000190734863, 0.7879999876022339, 0.8339999914169312, 0.3019999861717224, 0.8899999856948853, 0.8830000162124634, 0.925000011920929]
 Testing Label Acc: [0.746999979019165, 0.9319999814033508, 0.1850000023841858, 0.847000002861023, 0.796999990940094, 0.8320000171661377, 0.40400001406669617, 0.8730000257492065, 0.8930000066757202, 0.9369999766349792]
 Testing Label Acc: [0.7770000100135803, 0.9319999814033508, 0.2720000147819519, 0.8339999914169312, 0.7960000038146973, 0.8199999928474426, 0.3790000081062317, 0.8809999823570251, 0.9070000052452087, 0.9340000152587891]
 Testing Label Acc: [0.796999990940094, 0.9300000071525574, 0.4009999930858612, 0.8510000109672546, 0.7889999747276306, 0.8270000219345093, 0.29600000381469727, 0.878000020980835, 0.9160000085830688, 0.9359999895095825]
 Testing Label Acc: [0.7799999713897705, 0.9190000295639038, 0.4390000104904175, 0.8769999742507935, 0.7429999709129333, 0.8180000185966492, 0.3100000023841858, 0.8700000047683716, 0.906000018119812, 0.9390000104904175]
 Testing Label Acc: [0.7649999856948853, 0.9359999895095825, 0.35899999737739563, 0.8510000109672546, 0.6990000009536743, 0.8489999771118164, 0.42800000309944153, 0.878000020980835, 0.8989999890327454, 0.9309999942779541]
 Testing Label Acc: [0.7940000295639038, 0.9340000152587891, 0.3779999911785126, 0.8579999804496765, 0.753000020980835, 0.8769999742507935, 0.41100001335144043, 0.8709999918937683, 0.9190000295639038, 0.9359999895095825]
 Testing Label Acc: [0.7570000290870667, 0.9369999766349792, 0.3540000021457672, 0.8489999771118164, 0.7310000061988831, 0.8619999885559082, 0.4650000035762787, 0.8709999918937683, 0.9210000038146973, 0.9369999766349792]
 Testing Label Acc: [0.7630000114440918, 0.9380000233650208, 0.44699999690055847, 0.8659999966621399, 0.7670000195503235, 0.8730000257492065, 0.3779999911785126, 0.8700000047683716, 0.9100000262260437, 0.9340000152587891]
 Testing Label Acc: [0.7730000019073486, 0.9409999847412109, 0.4410000145435333, 0.8740000128746033, 0.7649999856948853, 0.871999979019165, 0.3970000147819519, 0.8790000081062317, 0.9160000085830688, 0.9319999814033508]
 Testing Label Acc: [0.8199999928474426, 0.9350000023841858, 0.5239999890327454, 0.8410000205039978, 0.7789999842643738, 0.8510000109672546, 0.3190000057220459, 0.8920000195503235, 0.9179999828338623, 0.9279999732971191]
 Testing Label Acc: [0.8130000233650208, 0.9430000185966492, 0.4690000116825104, 0.8569999933242798, 0.7310000061988831, 0.8569999933242798, 0.3700000047683716, 0.8679999709129333, 0.925000011920929, 0.9409999847412109]
 Testing Label Acc: [0.7639999985694885, 0.9350000023841858, 0.42800000309944153, 0.8709999918937683, 0.7850000262260437, 0.8899999856948853, 0.4020000100135803, 0.8529999852180481, 0.9160000085830688, 0.9390000104904175]
 Testing Label Acc: [0.8090000152587891, 0.9399999976158142, 0.382999986410141, 0.8529999852180481, 0.8270000219345093, 0.847000002861023, 0.3199999928474426, 0.8830000162124634, 0.9070000052452087, 0.9399999976158142]
 Testing Label Acc: [0.824999988079071, 0.9340000152587891, 0.39399999380111694, 0.8489999771118164, 0.6729999780654907, 0.8679999709129333, 0.4659999907016754, 0.8799999952316284, 0.9129999876022339, 0.9319999814033508]
 Testing Label Acc: [0.7829999923706055, 0.9419999718666077, 0.3959999978542328, 0.843999981880188, 0.8180000185966492, 0.8859999775886536, 0.3449999988079071, 0.8420000076293945, 0.9160000085830688, 0.9520000219345093]
 Testing Label Acc: [0.777999997138977, 0.9380000233650208, 0.3659999966621399, 0.875, 0.777999997138977, 0.871999979019165, 0.45100000500679016, 0.878000020980835, 0.9269999861717224, 0.9340000152587891]
 Testing Label Acc: [0.8119999766349792, 0.9409999847412109, 0.5189999938011169, 0.8450000286102295, 0.7839999794960022, 0.8880000114440918, 0.36000001430511475, 0.8970000147819519, 0.9290000200271606, 0.9229999780654907]
 Testing Label Acc: [0.7950000166893005, 0.9419999718666077, 0.42399999499320984, 0.8510000109672546, 0.8109999895095825, 0.8859999775886536, 0.39500001072883606, 0.8650000095367432, 0.921999990940094, 0.9390000104904175]
 Testing Label Acc: [0.8119999766349792, 0.9440000057220459, 0.5450000166893005, 0.8539999723434448, 0.7960000038146973, 0.8809999823570251, 0.3230000138282776, 0.8610000014305115, 0.9229999780654907, 0.9440000057220459]
 Testing Label Acc: [0.7760000228881836, 0.9319999814033508, 0.35199999809265137, 0.8709999918937683, 0.7490000128746033, 0.8740000128746033, 0.4959999918937683, 0.8899999856948853, 0.9129999876022339, 0.9290000200271606]
 Testing Label Acc: [0.7960000038146973, 0.9409999847412109, 0.3240000009536743, 0.8569999933242798, 0.7699999809265137, 0.9129999876022339, 0.46299999952316284, 0.8510000109672546, 0.9070000052452087, 0.9330000281333923]
 Testing Label Acc: [0.7919999957084656, 0.9419999718666077, 0.5820000171661377, 0.8600000143051147, 0.7440000176429749, 0.8629999756813049, 0.4009999930858612, 0.8989999890327454, 0.925000011920929, 0.9309999942779541]
 Testing Label Acc: [0.7760000228881836, 0.9440000057220459, 0.4180000126361847, 0.8700000047683716, 0.7590000033378601, 0.8899999856948853, 0.44699999690055847, 0.878000020980835, 0.9100000262260437, 0.9340000152587891]
 Testing Label Acc: [0.8240000009536743, 0.9390000104904175, 0.41600000858306885, 0.8579999804496765, 0.7919999957084656, 0.8830000162124634, 0.3779999911785126, 0.8709999918937683, 0.9200000166893005, 0.9390000104904175]
 Testing Label Acc: [0.8230000138282776, 0.9419999718666077, 0.4729999899864197, 0.8399999737739563, 0.7609999775886536, 0.8690000176429749, 0.41999998688697815, 0.8740000128746033, 0.925000011920929, 0.9359999895095825]
 Testing Label Acc: [0.7540000081062317, 0.9449999928474426, 0.4480000138282776, 0.8880000114440918, 0.8009999990463257, 0.890999972820282, 0.4259999990463257, 0.8700000047683716, 0.9229999780654907, 0.9430000185966492]
 Testing Label Acc: [0.8029999732971191, 0.9409999847412109, 0.6039999723434448, 0.875, 0.7490000128746033, 0.8859999775886536, 0.40299999713897705, 0.8920000195503235, 0.9340000152587891, 0.9319999814033508]
 Testing Label Acc: [0.796999990940094, 0.9350000023841858, 0.42399999499320984, 0.8629999756813049, 0.7889999747276306, 0.8960000276565552, 0.4410000145435333, 0.8579999804496765, 0.9279999732971191, 0.9449999928474426]
 Testing Label Acc: [0.8190000057220459, 0.9480000138282776, 0.5529999732971191, 0.8650000095367432, 0.7990000247955322, 0.8790000081062317, 0.3619999885559082, 0.8920000195503235, 0.9319999814033508, 0.9309999942779541]
 Testing Label Acc: [0.8109999895095825, 0.9409999847412109, 0.4300000071525574, 0.8519999980926514, 0.7390000224113464, 0.906000018119812, 0.4909999966621399, 0.8709999918937683, 0.9150000214576721, 0.9340000152587891]
 Testing Label Acc: [0.8090000152587891, 0.9399999976158142, 0.41200000047683716, 0.8679999709129333, 0.8009999990463257, 0.8809999823570251, 0.453000009059906, 0.8920000195503235, 0.9160000085830688, 0.9300000071525574]
 Testing Label Acc: [0.8180000185966492, 0.9430000185966492, 0.5690000057220459, 0.8519999980926514, 0.7699999809265137, 0.8989999890327454, 0.39800000190734863, 0.8690000176429749, 0.9330000281333923, 0.9350000023841858]
 Testing Label Acc: [0.7979999780654907, 0.9409999847412109, 0.3869999945163727, 0.8510000109672546, 0.7680000066757202, 0.8939999938011169, 0.49300000071525574, 0.878000020980835, 0.9240000247955322, 0.9369999766349792]
 Testing Label Acc: [0.8080000281333923, 0.9399999976158142, 0.5400000214576721, 0.8690000176429749, 0.7390000224113464, 0.8920000195503235, 0.4440000057220459, 0.8769999742507935, 0.9139999747276306, 0.9390000104904175]
 Testing Label Acc: [0.8320000171661377, 0.9399999976158142, 0.49799999594688416, 0.8519999980926514, 0.8090000152587891, 0.8980000019073486, 0.39800000190734863, 0.8799999952316284, 0.9169999957084656, 0.9350000023841858]
 Testing Label Acc: [0.800000011920929, 0.9449999928474426, 0.4259999990463257, 0.8579999804496765, 0.7900000214576721, 0.8820000290870667, 0.48100000619888306, 0.8889999985694885, 0.9319999814033508, 0.9409999847412109]
 Testing Label Acc: [0.800000011920929, 0.9449999928474426, 0.5410000085830688, 0.871999979019165, 0.7850000262260437, 0.8799999952316284, 0.4399999976158142, 0.8949999809265137, 0.9380000233650208, 0.9319999814033508]
 Testing Label Acc: [0.7889999747276306, 0.9390000104904175, 0.33500000834465027, 0.8640000224113464, 0.8339999914169312, 0.9010000228881836, 0.4580000042915344, 0.8669999837875366, 0.9319999814033508, 0.9440000057220459]
 Testing Label Acc: [0.8149999976158142, 0.9480000138282776, 0.5199999809265137, 0.875, 0.7480000257492065, 0.8889999985694885, 0.4650000035762787, 0.890999972820282, 0.9390000104904175, 0.9340000152587891]
 Testing Label Acc: [0.8230000138282776, 0.9399999976158142, 0.5580000281333923, 0.8579999804496765, 0.7680000066757202, 0.8960000276565552, 0.44200000166893005, 0.890999972820282, 0.9300000071525574, 0.9319999814033508]
 Testing Label Acc: [0.8349999785423279, 0.9459999799728394, 0.4339999854564667, 0.8569999933242798, 0.8040000200271606, 0.9010000228881836, 0.44200000166893005, 0.878000020980835, 0.925000011920929, 0.9350000023841858]
 Testing Label Acc: [0.8180000185966492, 0.9430000185966492, 0.46799999475479126, 0.8519999980926514, 0.8109999895095825, 0.8999999761581421, 0.4490000009536743, 0.9079999923706055, 0.9319999814033508, 0.9279999732971191]
 Testing Label Acc: [0.7789999842643738, 0.9409999847412109, 0.46399998664855957, 0.8799999952316284, 0.7720000147819519, 0.8899999856948853, 0.48899999260902405, 0.8830000162124634, 0.9269999861717224, 0.9399999976158142]
 Testing Label Acc: [0.8159999847412109, 0.9449999928474426, 0.5789999961853027, 0.8550000190734863, 0.7369999885559082, 0.8970000147819519, 0.4410000145435333, 0.8880000114440918, 0.9309999942779541, 0.9350000023841858]
 Testing Label Acc: [0.8220000267028809, 0.9399999976158142, 0.4790000021457672, 0.8809999823570251, 0.828000009059906, 0.9150000214576721, 0.3919999897480011, 0.8880000114440918, 0.9179999828338623, 0.9269999861717224]
 Testing Label Acc: [0.8080000281333923, 0.9480000138282776, 0.4059999883174896, 0.8629999756813049, 0.7879999876022339, 0.9120000004768372, 0.48399999737739563, 0.8790000081062317, 0.9390000104904175, 0.9419999718666077]
 Testing Label Acc: [0.8259999752044678, 0.9440000057220459, 0.5339999794960022, 0.8790000081062317, 0.7490000128746033, 0.8809999823570251, 0.46700000762939453, 0.8960000276565552, 0.9380000233650208, 0.9369999766349792]
 Testing Label Acc: [0.8230000138282776, 0.9430000185966492, 0.45899999141693115, 0.8610000014305115, 0.8090000152587891, 0.9150000214576721, 0.4339999854564667, 0.8640000224113464, 0.9340000152587891, 0.9419999718666077]
 Testing Label Acc: [0.8240000009536743, 0.9449999928474426, 0.5630000233650208, 0.8650000095367432, 0.8019999861717224, 0.9010000228881836, 0.4129999876022339, 0.8889999985694885, 0.9369999766349792, 0.9359999895095825]
 Testing Label Acc: [0.8220000267028809, 0.9399999976158142, 0.5799999833106995, 0.859000027179718, 0.7630000114440918, 0.9079999923706055, 0.4580000042915344, 0.8809999823570251, 0.9369999766349792, 0.9380000233650208]
 Testing Label Acc: [0.8209999799728394, 0.9449999928474426, 0.4740000069141388, 0.871999979019165, 0.8299999833106995, 0.9089999794960022, 0.41600000858306885, 0.8600000143051147, 0.9319999814033508, 0.9509999752044678]
 Testing Label Acc: [0.8169999718666077, 0.9459999799728394, 0.4869999885559082, 0.8709999918937683, 0.7820000052452087, 0.9160000085830688, 0.460999995470047, 0.8870000243186951, 0.9309999942779541, 0.9340000152587891]
 Testing Label Acc: [0.8209999799728394, 0.9459999799728394, 0.4650000035762787, 0.8709999918937683, 0.8270000219345093, 0.9020000100135803, 0.43700000643730164, 0.8849999904632568, 0.9330000281333923, 0.9390000104904175]
 Testing Label Acc: [0.7910000085830688, 0.9430000185966492, 0.5960000157356262, 0.8820000290870667, 0.7940000295639038, 0.9020000100135803, 0.4189999997615814, 0.890999972820282, 0.9369999766349792, 0.9350000023841858]
 Testing Label Acc: [0.8230000138282776, 0.9419999718666077, 0.5410000085830688, 0.8809999823570251, 0.7860000133514404, 0.8970000147819519, 0.44999998807907104, 0.9070000052452087, 0.9319999814033508, 0.9319999814033508]
 Testing Label Acc: [0.8059999942779541, 0.9470000267028809, 0.5189999938011169, 0.8769999742507935, 0.7590000033378601, 0.9079999923706055, 0.5070000290870667, 0.8989999890327454, 0.9399999976158142, 0.9399999976158142]
 Testing Label Acc: [0.8119999766349792, 0.9470000267028809, 0.4580000042915344, 0.8659999966621399, 0.7919999957084656, 0.9210000038146973, 0.47999998927116394, 0.8709999918937683, 0.9409999847412109, 0.9350000023841858]
 Testing Label Acc: [0.847000002861023, 0.9490000009536743, 0.4569999873638153, 0.8529999852180481, 0.8140000104904175, 0.9110000133514404, 0.44699999690055847, 0.8679999709129333, 0.9319999814033508, 0.9470000267028809]
 Testing Label Acc: [0.7979999780654907, 0.9449999928474426, 0.5460000038146973, 0.8849999904632568, 0.8050000071525574, 0.9150000214576721, 0.4580000042915344, 0.8859999775886536, 0.9399999976158142, 0.9319999814033508]
 Testing Label Acc: [0.8270000219345093, 0.9430000185966492, 0.6050000190734863, 0.8730000257492065, 0.7760000228881836, 0.9100000262260437, 0.4699999988079071, 0.8999999761581421, 0.9330000281333923, 0.9309999942779541]
 Testing Label Acc: [0.8130000233650208, 0.9459999799728394, 0.4099999964237213, 0.8759999871253967, 0.7670000195503235, 0.902999997138977, 0.5370000004768372, 0.8700000047683716, 0.9279999732971191, 0.949999988079071]
 Testing Label Acc: [0.8259999752044678, 0.9419999718666077, 0.5669999718666077, 0.8809999823570251, 0.7559999823570251, 0.9129999876022339, 0.46299999952316284, 0.9010000228881836, 0.9390000104904175, 0.9369999766349792]
 Testing Label Acc: [0.8489999771118164, 0.9470000267028809, 0.5109999775886536, 0.8600000143051147, 0.8199999928474426, 0.9150000214576721, 0.4429999887943268, 0.8840000033378601, 0.9290000200271606, 0.9369999766349792]
 Testing Label Acc: [0.8389999866485596, 0.9470000267028809, 0.6179999709129333, 0.8669999837875366, 0.7490000128746033, 0.8960000276565552, 0.44200000166893005, 0.9039999842643738, 0.9399999976158142, 0.9359999895095825]
 Testing Label Acc: [0.8240000009536743, 0.9449999928474426, 0.5899999737739563, 0.8790000081062317, 0.8040000200271606, 0.8949999809265137, 0.4320000112056732, 0.890999972820282, 0.9369999766349792, 0.9419999718666077]
 Testing Label Acc: [0.8090000152587891, 0.9470000267028809, 0.5809999704360962, 0.8700000047683716, 0.7519999742507935, 0.9269999861717224, 0.5009999871253967, 0.8889999985694885, 0.9419999718666077, 0.9390000104904175]
 Testing Label Acc: [0.8190000057220459, 0.9490000009536743, 0.4490000009536743, 0.8799999952316284, 0.7870000004768372, 0.9020000100135803, 0.48899999260902405, 0.8799999952316284, 0.9449999928474426, 0.949999988079071]
 Testing Label Acc: [0.8169999718666077, 0.9480000138282776, 0.5149999856948853, 0.871999979019165, 0.8040000200271606, 0.9190000295639038, 0.4650000035762787, 0.878000020980835, 0.9399999976158142, 0.9430000185966492]
 Testing Label Acc: [0.8360000252723694, 0.9449999928474426, 0.4519999921321869, 0.8700000047683716, 0.7860000133514404, 0.9160000085830688, 0.5260000228881836, 0.8859999775886536, 0.9350000023841858, 0.9369999766349792]
 Testing Label Acc: [0.8420000076293945, 0.9449999928474426, 0.6000000238418579, 0.8809999823570251, 0.8460000157356262, 0.9179999828338623, 0.3889999985694885, 0.8920000195503235, 0.9409999847412109, 0.9390000104904175]
 Testing Label Acc: [0.8100000023841858, 0.9470000267028809, 0.44699999690055847, 0.8759999871253967, 0.7960000038146973, 0.9160000085830688, 0.5490000247955322, 0.875, 0.9330000281333923, 0.9470000267028809]
 Testing Label Acc: [0.8270000219345093, 0.9459999799728394, 0.6340000033378601, 0.8730000257492065, 0.7459999918937683, 0.9100000262260437, 0.4740000069141388, 0.9120000004768372, 0.9409999847412109, 0.9369999766349792]
 Testing Label Acc: [0.8240000009536743, 0.9449999928474426, 0.5460000038146973, 0.8840000033378601, 0.8220000267028809, 0.9200000166893005, 0.4390000104904175, 0.9129999876022339, 0.9369999766349792, 0.9210000038146973]
 Testing Label Acc: [0.8349999785423279, 0.9470000267028809, 0.609000027179718, 0.8679999709129333, 0.7590000033378601, 0.9120000004768372, 0.47600001096725464, 0.8870000243186951, 0.9390000104904175, 0.9459999799728394]
 Testing Label Acc: [0.800000011920929, 0.9449999928474426, 0.546999990940094, 0.8840000033378601, 0.7870000004768372, 0.9150000214576721, 0.515999972820282, 0.8970000147819519, 0.9359999895095825, 0.9409999847412109]
 Testing Label Acc: [0.8199999928474426, 0.949999988079071, 0.6000000238418579, 0.8730000257492065, 0.7770000100135803, 0.9290000200271606, 0.4740000069141388, 0.8920000195503235, 0.9380000233650208, 0.9409999847412109]
 Testing Label Acc: [0.8259999752044678, 0.949999988079071, 0.42399999499320984, 0.8740000128746033, 0.8159999847412109, 0.9169999957084656, 0.48899999260902405, 0.8830000162124634, 0.9390000104904175, 0.9459999799728394]
 Testing Label Acc: [0.8190000057220459, 0.9470000267028809, 0.5099999904632568, 0.8820000290870667, 0.7889999747276306, 0.9200000166893005, 0.5, 0.8970000147819519, 0.9449999928474426, 0.9340000152587891]
 Testing Label Acc: [0.8100000023841858, 0.9480000138282776, 0.4580000042915344, 0.8830000162124634, 0.8130000233650208, 0.9169999957084656, 0.5099999904632568, 0.8840000033378601, 0.9359999895095825, 0.9449999928474426]
 Testing Label Acc: [0.8360000252723694, 0.9480000138282776, 0.5680000185966492, 0.8840000033378601, 0.7960000038146973, 0.9100000262260437, 0.4659999907016754, 0.9070000052452087, 0.9399999976158142, 0.9380000233650208]
 Testing Label Acc: [0.8209999799728394, 0.9480000138282776, 0.46000000834465027, 0.8799999952316284, 0.8140000104904175, 0.921999990940094, 0.5109999775886536, 0.8759999871253967, 0.9359999895095825, 0.9449999928474426]
 Testing Label Acc: [0.8379999995231628, 0.949999988079071, 0.6570000052452087, 0.8669999837875366, 0.7689999938011169, 0.9240000247955322, 0.45899999141693115, 0.9070000052452087, 0.9440000057220459, 0.9409999847412109]
 Testing Label Acc: [0.8399999737739563, 0.9480000138282776, 0.5809999704360962, 0.8740000128746033, 0.7919999957084656, 0.9139999747276306, 0.4779999852180481, 0.8880000114440918, 0.9440000057220459, 0.9449999928474426]
 Testing Label Acc: [0.8149999976158142, 0.9440000057220459, 0.6069999933242798, 0.8809999823570251, 0.7950000166893005, 0.9100000262260437, 0.48899999260902405, 0.8989999890327454, 0.9390000104904175, 0.9359999895095825]
 Testing Label Acc: [0.847000002861023, 0.9419999718666077, 0.6050000190734863, 0.8870000243186951, 0.7860000133514404, 0.9200000166893005, 0.4519999921321869, 0.8759999871253967, 0.9390000104904175, 0.949999988079071]
 Testing Label Acc: [0.8289999961853027, 0.949999988079071, 0.5640000104904175, 0.8790000081062317, 0.7820000052452087, 0.925000011920929, 0.49300000071525574, 0.9150000214576721, 0.9459999799728394, 0.9340000152587891]
 Testing Label Acc: [0.8029999732971191, 0.9480000138282776, 0.5789999961853027, 0.8790000081062317, 0.7720000147819519, 0.921999990940094, 0.5320000052452087, 0.8949999809265137, 0.9380000233650208, 0.9419999718666077]
 Testing Label Acc: [0.8080000281333923, 0.9490000009536743, 0.5879999995231628, 0.871999979019165, 0.7910000085830688, 0.9300000071525574, 0.4970000088214874, 0.8989999890327454, 0.9409999847412109, 0.9369999766349792]
 Testing Label Acc: [0.8370000123977661, 0.9520000219345093, 0.4580000042915344, 0.8659999966621399, 0.8080000281333923, 0.9269999861717224, 0.5289999842643738, 0.8809999823570251, 0.9319999814033508, 0.9440000057220459]
 Testing Label Acc: [0.8500000238418579, 0.9459999799728394, 0.5370000004768372, 0.8849999904632568, 0.8389999866485596, 0.9229999780654907, 0.4189999997615814, 0.8989999890327454, 0.9480000138282776, 0.9409999847412109]
 Testing Label Acc: [0.828000009059906, 0.9459999799728394, 0.4410000145435333, 0.8899999856948853, 0.8029999732971191, 0.9200000166893005, 0.5120000243186951, 0.8849999904632568, 0.9440000057220459, 0.9440000057220459]
 Testing Label Acc: [0.8330000042915344, 0.9449999928474426, 0.5590000152587891, 0.8870000243186951, 0.8069999814033508, 0.9210000038146973, 0.49300000071525574, 0.9120000004768372, 0.9419999718666077, 0.9409999847412109]
 Testing Label Acc: [0.8199999928474426, 0.9449999928474426, 0.6370000243186951, 0.8880000114440918, 0.7960000038146973, 0.9210000038146973, 0.4819999933242798, 0.8989999890327454, 0.9440000057220459, 0.9399999976158142]
 Testing Label Acc: [0.843999981880188, 0.9470000267028809, 0.6570000052452087, 0.8730000257492065, 0.7870000004768372, 0.9079999923706055, 0.46000000834465027, 0.906000018119812, 0.9449999928474426, 0.9419999718666077]
 Testing Label Acc: [0.847000002861023, 0.9470000267028809, 0.5910000205039978, 0.8799999952316284, 0.800000011920929, 0.9279999732971191, 0.4790000021457672, 0.8799999952316284, 0.9390000104904175, 0.9520000219345093]
 Testing Label Acc: [0.8080000281333923, 0.949999988079071, 0.5879999995231628, 0.8849999904632568, 0.7720000147819519, 0.9200000166893005, 0.527999997138977, 0.9200000166893005, 0.9380000233650208, 0.9399999976158142]
 Testing Label Acc: [0.8119999766349792, 0.9490000009536743, 0.5360000133514404, 0.8880000114440918, 0.7919999957084656, 0.9229999780654907, 0.5329999923706055, 0.9020000100135803, 0.9419999718666077, 0.9399999976158142]
 Testing Label Acc: [0.8130000233650208, 0.9480000138282776, 0.6230000257492065, 0.8730000257492065, 0.7760000228881836, 0.9350000023841858, 0.5270000100135803, 0.8899999856948853, 0.9409999847412109, 0.9449999928474426]
 Testing Label Acc: [0.8389999866485596, 0.9490000009536743, 0.39800000190734863, 0.8820000290870667, 0.7879999876022339, 0.9139999747276306, 0.5550000071525574, 0.8790000081062317, 0.9409999847412109, 0.953000009059906]
 Testing Label Acc: [0.8339999914169312, 0.9459999799728394, 0.5289999842643738, 0.8939999938011169, 0.8140000104904175, 0.9359999895095825, 0.4740000069141388, 0.8820000290870667, 0.9409999847412109, 0.9480000138282776]
 Testing Label Acc: [0.8299999833106995, 0.9480000138282776, 0.45500001311302185, 0.8669999837875366, 0.8299999833106995, 0.9190000295639038, 0.5249999761581421, 0.9020000100135803, 0.9380000233650208, 0.9409999847412109]
 Testing Label Acc: [0.8389999866485596, 0.9449999928474426, 0.6370000243186951, 0.8830000162124634, 0.7879999876022339, 0.9309999942779541, 0.503000020980835, 0.902999997138977, 0.9480000138282776, 0.9509999752044678]
 Testing Label Acc: [0.8299999833106995, 0.9459999799728394, 0.5879999995231628, 0.8840000033378601, 0.828000009059906, 0.9200000166893005, 0.492000013589859, 0.8820000290870667, 0.9459999799728394, 0.9539999961853027]
 Testing Label Acc: [0.8370000123977661, 0.9490000009536743, 0.6330000162124634, 0.8700000047683716, 0.8119999766349792, 0.9139999747276306, 0.4970000088214874, 0.902999997138977, 0.9440000057220459, 0.9449999928474426]
 Testing Label Acc: [0.8330000042915344, 0.9480000138282776, 0.6100000143051147, 0.8870000243186951, 0.7879999876022339, 0.9210000038146973, 0.5170000195503235, 0.9169999957084656, 0.9390000104904175, 0.9390000104904175]
 Testing Label Acc: [0.8180000185966492, 0.9480000138282776, 0.5490000247955322, 0.8840000033378601, 0.7910000085830688, 0.925000011920929, 0.5339999794960022, 0.9160000085830688, 0.9470000267028809, 0.9470000267028809]
 Testing Label Acc: [0.828000009059906, 0.9459999799728394, 0.621999979019165, 0.8870000243186951, 0.7889999747276306, 0.9169999957084656, 0.4950000047683716, 0.8980000019073486, 0.9430000185966492, 0.949999988079071]
 Testing Label Acc: [0.8029999732971191, 0.9470000267028809, 0.6050000190734863, 0.8920000195503235, 0.7879999876022339, 0.9279999732971191, 0.5410000085830688, 0.8989999890327454, 0.9430000185966492, 0.9449999928474426]
 Testing Label Acc: [0.8569999933242798, 0.9470000267028809, 0.4050000011920929, 0.8889999985694885, 0.824999988079071, 0.9240000247955322, 0.4860000014305115, 0.902999997138977, 0.9399999976158142, 0.9390000104904175]
 Testing Label Acc: [0.8270000219345093, 0.9459999799728394, 0.5580000281333923, 0.8920000195503235, 0.8119999766349792, 0.925000011920929, 0.503000020980835, 0.8939999938011169, 0.9419999718666077, 0.949999988079071]
 Testing Label Acc: [0.8109999895095825, 0.9480000138282776, 0.5149999856948853, 0.8799999952316284, 0.8140000104904175, 0.9279999732971191, 0.5450000166893005, 0.878000020980835, 0.9419999718666077, 0.9549999833106995]
 Testing Label Acc: [0.8209999799728394, 0.9480000138282776, 0.6349999904632568, 0.878000020980835, 0.8119999766349792, 0.9279999732971191, 0.5220000147819519, 0.9139999747276306, 0.9430000185966492, 0.9409999847412109]
 Testing Label Acc: [0.8169999718666077, 0.9459999799728394, 0.5619999766349792, 0.8920000195503235, 0.7960000038146973, 0.9330000281333923, 0.531000018119812, 0.9039999842643738, 0.9449999928474426, 0.9430000185966492]
 Testing Label Acc: [0.8270000219345093, 0.9480000138282776, 0.6349999904632568, 0.8820000290870667, 0.8080000281333923, 0.9160000085830688, 0.503000020980835, 0.9129999876022339, 0.9440000057220459, 0.9449999928474426]
 Testing Label Acc: [0.8529999852180481, 0.9490000009536743, 0.7070000171661377, 0.875, 0.7440000176429749, 0.9380000233650208, 0.5090000033378601, 0.9049999713897705, 0.9399999976158142, 0.9419999718666077]
 Testing Label Acc: [0.8320000171661377, 0.949999988079071, 0.5529999732971191, 0.8809999823570251, 0.8009999990463257, 0.9229999780654907, 0.5249999761581421, 0.906000018119812, 0.9470000267028809, 0.9490000009536743]
 Testing Label Acc: [0.8259999752044678, 0.9459999799728394, 0.550000011920929, 0.8949999809265137, 0.8240000009536743, 0.9340000152587891, 0.4790000021457672, 0.8970000147819519, 0.9430000185966492, 0.9470000267028809]
 Testing Label Acc: [0.8479999899864197, 0.9490000009536743, 0.6269999742507935, 0.8830000162124634, 0.8100000023841858, 0.9269999861717224, 0.47999998927116394, 0.9020000100135803, 0.9430000185966492, 0.9459999799728394]
 Testing Label Acc: [0.8629999756813049, 0.9480000138282776, 0.5210000276565552, 0.890999972820282, 0.8320000171661377, 0.9110000133514404, 0.44200000166893005, 0.9229999780654907, 0.949999988079071, 0.9399999976158142]
 Testing Label Acc: [0.8379999995231628, 0.9459999799728394, 0.4819999933242798, 0.8899999856948853, 0.8349999785423279, 0.9390000104904175, 0.5, 0.8830000162124634, 0.9419999718666077, 0.953000009059906]
 Testing Label Acc: [0.8370000123977661, 0.9480000138282776, 0.5329999923706055, 0.8849999904632568, 0.8069999814033508, 0.9359999895095825, 0.5299999713897705, 0.8899999856948853, 0.9399999976158142, 0.9470000267028809]
 Testing Label Acc: [0.824999988079071, 0.9470000267028809, 0.7070000171661377, 0.8849999904632568, 0.7870000004768372, 0.9229999780654907, 0.5149999856948853, 0.9229999780654907, 0.9480000138282776, 0.9440000057220459]
 Testing Label Acc: [0.8069999814033508, 0.953000009059906, 0.6389999985694885, 0.8809999823570251, 0.7620000243186951, 0.9330000281333923, 0.5630000233650208, 0.9089999794960022, 0.9430000185966492, 0.9470000267028809]
 Testing Label Acc: [0.8299999833106995, 0.9490000009536743, 0.6140000224113464, 0.8809999823570251, 0.8090000152587891, 0.9290000200271606, 0.515999972820282, 0.9039999842643738, 0.9430000185966492, 0.9490000009536743]
 Testing Label Acc: [0.8330000042915344, 0.9490000009536743, 0.6620000004768372, 0.8840000033378601, 0.8270000219345093, 0.9399999976158142, 0.48899999260902405, 0.9070000052452087, 0.9470000267028809, 0.9459999799728394]
 Testing Label Acc: [0.8330000042915344, 0.9490000009536743, 0.6460000276565552, 0.871999979019165, 0.8140000104904175, 0.9359999895095825, 0.5199999809265137, 0.8970000147819519, 0.9419999718666077, 0.949999988079071]
 Testing Label Acc: [0.8460000157356262, 0.9459999799728394, 0.5070000290870667, 0.8840000033378601, 0.8349999785423279, 0.9369999766349792, 0.49000000953674316, 0.9020000100135803, 0.9459999799728394, 0.9480000138282776]
 Testing Label Acc: [0.8309999704360962, 0.949999988079071, 0.5550000071525574, 0.8889999985694885, 0.8330000042915344, 0.9319999814033508, 0.5090000033378601, 0.8899999856948853, 0.9440000057220459, 0.9490000009536743]
 Testing Label Acc: [0.8349999785423279, 0.9470000267028809, 0.49399998784065247, 0.8949999809265137, 0.8259999752044678, 0.9129999876022339, 0.49900001287460327, 0.9139999747276306, 0.9490000009536743, 0.9459999799728394]
 Testing Label Acc: [0.8220000267028809, 0.9459999799728394, 0.574999988079071, 0.8970000147819519, 0.8069999814033508, 0.9359999895095825, 0.5220000147819519, 0.8930000066757202, 0.9449999928474426, 0.9490000009536743]
 Testing Label Acc: [0.8560000061988831, 0.9470000267028809, 0.5789999961853027, 0.8790000081062317, 0.7929999828338623, 0.9169999957084656, 0.5220000147819519, 0.921999990940094, 0.9430000185966492, 0.9419999718666077]
 Testing Label Acc: [0.8320000171661377, 0.9480000138282776, 0.6639999747276306, 0.8830000162124634, 0.7820000052452087, 0.9279999732971191, 0.5419999957084656, 0.9179999828338623, 0.9509999752044678, 0.9470000267028809]
 Testing Label Acc: [0.8309999704360962, 0.9509999752044678, 0.6779999732971191, 0.8880000114440918, 0.796999990940094, 0.9390000104904175, 0.49799999594688416, 0.9049999713897705, 0.949999988079071, 0.9480000138282776]
 Testing Label Acc: [0.8339999914169312, 0.9509999752044678, 0.6800000071525574, 0.8790000081062317, 0.8109999895095825, 0.9279999732971191, 0.515999972820282, 0.9100000262260437, 0.9440000057220459, 0.949999988079071]
 Testing Label Acc: [0.8240000009536743, 0.9449999928474426, 0.6320000290870667, 0.8920000195503235, 0.7919999957084656, 0.9340000152587891, 0.5479999780654907, 0.9129999876022339, 0.9480000138282776, 0.9470000267028809]
 Testing Label Acc: [0.8330000042915344, 0.949999988079071, 0.6179999709129333, 0.8840000033378601, 0.7889999747276306, 0.9340000152587891, 0.5630000233650208, 0.9079999923706055, 0.9430000185966492, 0.949999988079071]
 Testing Label Acc: [0.8330000042915344, 0.9459999799728394, 0.4970000088214874, 0.8939999938011169, 0.8349999785423279, 0.9399999976158142, 0.503000020980835, 0.8960000276565552, 0.9430000185966492, 0.9480000138282776]
 Testing Label Acc: [0.8299999833106995, 0.949999988079071, 0.5239999890327454, 0.8870000243186951, 0.8339999914169312, 0.9290000200271606, 0.531000018119812, 0.9089999794960022, 0.949999988079071, 0.9449999928474426]
 Testing Label Acc: [0.8299999833106995, 0.949999988079071, 0.5410000085830688, 0.8859999775886536, 0.8299999833106995, 0.9259999990463257, 0.5329999923706055, 0.9200000166893005, 0.9440000057220459, 0.9440000057220459]
 Testing Label Acc: [0.8420000076293945, 0.9509999752044678, 0.5659999847412109, 0.8690000176429749, 0.796999990940094, 0.9269999861717224, 0.5559999942779541, 0.9010000228881836, 0.9470000267028809, 0.9539999961853027]
 Testing Label Acc: [0.8349999785423279, 0.9480000138282776, 0.628000020980835, 0.8870000243186951, 0.7839999794960022, 0.9380000233650208, 0.5339999794960022, 0.8999999761581421, 0.9399999976158142, 0.9459999799728394]
 Testing Label Acc: [0.8460000157356262, 0.949999988079071, 0.6700000166893005, 0.8880000114440918, 0.8069999814033508, 0.9259999990463257, 0.5099999904632568, 0.9100000262260437, 0.9520000219345093, 0.953000009059906]
 Testing Label Acc: [0.8209999799728394, 0.9470000267028809, 0.6549999713897705, 0.8840000033378601, 0.8040000200271606, 0.9409999847412109, 0.5389999747276306, 0.8920000195503235, 0.9509999752044678, 0.9539999961853027]
 Testing Label Acc: [0.8180000185966492, 0.9490000009536743, 0.6959999799728394, 0.8859999775886536, 0.7829999923706055, 0.9340000152587891, 0.5440000295639038, 0.9179999828338623, 0.9509999752044678, 0.9480000138282776]
 Testing Label Acc: [0.8289999961853027, 0.9470000267028809, 0.6809999942779541, 0.8859999775886536, 0.7720000147819519, 0.9350000023841858, 0.5600000023841858, 0.9259999990463257, 0.9449999928474426, 0.9409999847412109]
 Testing Label Acc: [0.8299999833106995, 0.9490000009536743, 0.5580000281333923, 0.8840000033378601, 0.7960000038146973, 0.9319999814033508, 0.5899999737739563, 0.9150000214576721, 0.9419999718666077, 0.949999988079071]
 Testing Label Acc: [0.8450000286102295, 0.9470000267028809, 0.6129999756813049, 0.8880000114440918, 0.8130000233650208, 0.9419999718666077, 0.4959999918937683, 0.9010000228881836, 0.9449999928474426, 0.9480000138282776]
 Testing Label Acc: [0.8479999899864197, 0.9509999752044678, 0.46000000834465027, 0.8939999938011169, 0.8410000205039978, 0.9399999976158142, 0.5130000114440918, 0.906000018119812, 0.9480000138282776, 0.9470000267028809]
 Testing Label Acc: [0.824999988079071, 0.9509999752044678, 0.5360000133514404, 0.8769999742507935, 0.8180000185966492, 0.9200000166893005, 0.5789999961853027, 0.925000011920929, 0.9470000267028809, 0.9430000185966492]
 Testing Label Acc: [0.8410000205039978, 0.9490000009536743, 0.6620000004768372, 0.8930000066757202, 0.7950000166893005, 0.9380000233650208, 0.5230000019073486, 0.8899999856948853, 0.9430000185966492, 0.9570000171661377]
 Testing Label Acc: [0.8420000076293945, 0.9509999752044678, 0.597000002861023, 0.8769999742507935, 0.8050000071525574, 0.9369999766349792, 0.5379999876022339, 0.906000018119812, 0.9449999928474426, 0.9449999928474426]
 Testing Label Acc: [0.8220000267028809, 0.9470000267028809, 0.7170000076293945, 0.8999999761581421, 0.781000018119812, 0.9309999942779541, 0.5350000262260437, 0.9129999876022339, 0.9490000009536743, 0.9509999752044678]
 Testing Label Acc: [0.8309999704360962, 0.9509999752044678, 0.6660000085830688, 0.8870000243186951, 0.7919999957084656, 0.9419999718666077, 0.5440000295639038, 0.9070000052452087, 0.9539999961853027, 0.9480000138282776]
 Testing Label Acc: [0.824999988079071, 0.949999988079071, 0.6779999732971191, 0.8809999823570251, 0.8040000200271606, 0.9309999942779541, 0.5450000166893005, 0.9240000247955322, 0.949999988079071, 0.9480000138282776]
 Testing Label Acc: [0.8320000171661377, 0.949999988079071, 0.6690000295639038, 0.8840000033378601, 0.8140000104904175, 0.9399999976158142, 0.5410000085830688, 0.9210000038146973, 0.9490000009536743, 0.9459999799728394]
 Testing Label Acc: [0.8370000123977661, 0.9520000219345093, 0.6119999885559082, 0.8690000176429749, 0.7919999957084656, 0.9359999895095825, 0.593999981880188, 0.9129999876022339, 0.9459999799728394, 0.9509999752044678]
 Testing Label Acc: [0.8450000286102295, 0.9509999752044678, 0.45399999618530273, 0.8939999938011169, 0.8479999899864197, 0.9369999766349792, 0.49300000071525574, 0.9160000085830688, 0.9440000057220459, 0.9490000009536743]
 Testing Label Acc: [0.8339999914169312, 0.9509999752044678, 0.5630000233650208, 0.8989999890327454, 0.8180000185966492, 0.9330000281333923, 0.5329999923706055, 0.9129999876022339, 0.949999988079071, 0.9490000009536743]
 Testing Label Acc: [0.8360000252723694, 0.9440000057220459, 0.6050000190734863, 0.8820000290870667, 0.8119999766349792, 0.9330000281333923, 0.5600000023841858, 0.9190000295639038, 0.9470000267028809, 0.9449999928474426]
 Testing Label Acc: [0.8309999704360962, 0.9480000138282776, 0.6359999775886536, 0.8960000276565552, 0.8199999928474426, 0.9319999814033508, 0.5149999856948853, 0.9179999828338623, 0.949999988079071, 0.9480000138282776]
 Testing Label Acc: [0.8420000076293945, 0.9509999752044678, 0.640999972820282, 0.8820000290870667, 0.781000018119812, 0.9340000152587891, 0.5509999990463257, 0.9179999828338623, 0.9459999799728394, 0.9459999799728394]
 Testing Label Acc: [0.843999981880188, 0.9490000009536743, 0.7269999980926514, 0.878000020980835, 0.777999997138977, 0.9380000233650208, 0.5329999923706055, 0.9129999876022339, 0.9520000219345093, 0.9520000219345093]
 Testing Label Acc: [0.8379999995231628, 0.9509999752044678, 0.6320000290870667, 0.8820000290870667, 0.8040000200271606, 0.9440000057220459, 0.5659999847412109, 0.8970000147819519, 0.9539999961853027, 0.9559999704360962]
 Testing Label Acc: [0.8180000185966492, 0.9490000009536743, 0.625, 0.9010000228881836, 0.8309999704360962, 0.9300000071525574, 0.5350000262260437, 0.9309999942779541, 0.9589999914169312, 0.9470000267028809]
 Testing Label Acc: [0.8050000071525574, 0.9480000138282776, 0.6940000057220459, 0.8859999775886536, 0.777999997138977, 0.9409999847412109, 0.574999988079071, 0.9240000247955322, 0.9440000057220459, 0.9459999799728394]
 Testing Label Acc: [0.843999981880188, 0.949999988079071, 0.5640000104904175, 0.878000020980835, 0.7990000247955322, 0.9409999847412109, 0.5889999866485596, 0.890999972820282, 0.9449999928474426, 0.9599999785423279]
 Testing Label Acc: [0.8309999704360962, 0.9509999752044678, 0.4880000054836273, 0.8859999775886536, 0.8309999704360962, 0.9330000281333923, 0.5630000233650208, 0.9190000295639038, 0.9480000138282776, 0.9449999928474426]
 Testing Label Acc: [0.8539999723434448, 0.949999988079071, 0.5669999718666077, 0.8920000195503235, 0.8429999947547913, 0.9430000185966492, 0.4909999966621399, 0.8939999938011169, 0.9549999833106995, 0.9539999961853027]
 Testing Label Acc: [0.8360000252723694, 0.9449999928474426, 0.5809999704360962, 0.8970000147819519, 0.8180000185966492, 0.9369999766349792, 0.5479999780654907, 0.9179999828338623, 0.9480000138282776, 0.9490000009536743]
 Testing Label Acc: [0.8360000252723694, 0.9509999752044678, 0.6660000085830688, 0.8820000290870667, 0.7789999842643738, 0.9369999766349792, 0.5730000138282776, 0.9330000281333923, 0.9480000138282776, 0.9390000104904175]
 Testing Label Acc: [0.8330000042915344, 0.9520000219345093, 0.5870000123977661, 0.8790000081062317, 0.8029999732971191, 0.9340000152587891, 0.5770000219345093, 0.9089999794960022, 0.9459999799728394, 0.9490000009536743]
 Testing Label Acc: [0.8180000185966492, 0.9490000009536743, 0.6690000295639038, 0.8849999904632568, 0.7960000038146973, 0.9319999814033508, 0.5849999785423279, 0.9229999780654907, 0.953000009059906, 0.9520000219345093]
 Testing Label Acc: [0.8379999995231628, 0.949999988079071, 0.6740000247955322, 0.8840000033378601, 0.8119999766349792, 0.9430000185966492, 0.5460000038146973, 0.9079999923706055, 0.953000009059906, 0.953000009059906]
 Testing Label Acc: [0.8399999737739563, 0.9490000009536743, 0.7300000190734863, 0.890999972820282, 0.7940000295639038, 0.9409999847412109, 0.5139999985694885, 0.9300000071525574, 0.9559999704360962, 0.9470000267028809]
 Testing Label Acc: [0.8339999914169312, 0.9490000009536743, 0.675000011920929, 0.8880000114440918, 0.777999997138977, 0.9459999799728394, 0.578000009059906, 0.9179999828338623, 0.9509999752044678, 0.9470000267028809]
 Testing Label Acc: [0.8349999785423279, 0.9490000009536743, 0.5659999847412109, 0.8930000066757202, 0.8370000123977661, 0.9380000233650208, 0.5139999985694885, 0.9169999957084656, 0.9589999914169312, 0.9509999752044678]
 Testing Label Acc: [0.8370000123977661, 0.9520000219345093, 0.6129999756813049, 0.8730000257492065, 0.8240000009536743, 0.9350000023841858, 0.5580000281333923, 0.9139999747276306, 0.949999988079071, 0.9520000219345093]
 Testing Label Acc: [0.8489999771118164, 0.9520000219345093, 0.5149999856948853, 0.890999972820282, 0.8190000057220459, 0.9449999928474426, 0.5440000295639038, 0.890999972820282, 0.9520000219345093, 0.9549999833106995]
 Testing Label Acc: [0.8420000076293945, 0.9480000138282776, 0.5950000286102295, 0.9020000100135803, 0.8199999928474426, 0.9359999895095825, 0.5400000214576721, 0.9229999780654907, 0.9470000267028809, 0.9449999928474426]
 Testing Label Acc: [0.8410000205039978, 0.9520000219345093, 0.6190000176429749, 0.8930000066757202, 0.8309999704360962, 0.9440000057220459, 0.5220000147819519, 0.9200000166893005, 0.9480000138282776, 0.9440000057220459]
 Testing Label Acc: [0.8259999752044678, 0.9520000219345093, 0.6809999942779541, 0.8830000162124634, 0.7720000147819519, 0.9330000281333923, 0.5809999704360962, 0.9240000247955322, 0.9449999928474426, 0.9459999799728394]
 Testing Label Acc: [0.8220000267028809, 0.949999988079071, 0.7300000190734863, 0.8859999775886536, 0.7799999713897705, 0.9409999847412109, 0.5730000138282776, 0.906000018119812, 0.9539999961853027, 0.9549999833106995]
 Testing Label Acc: [0.8360000252723694, 0.9490000009536743, 0.7360000014305115, 0.8859999775886536, 0.7900000214576721, 0.9380000233650208, 0.5289999842643738, 0.9229999780654907, 0.9539999961853027, 0.9509999752044678]
 Testing Label Acc: [0.8389999866485596, 0.9490000009536743, 0.6890000104904175, 0.8870000243186951, 0.7990000247955322, 0.9430000185966492, 0.546999990940094, 0.9350000023841858, 0.953000009059906, 0.9440000057220459]
 Testing Label Acc: [0.8360000252723694, 0.949999988079071, 0.6389999985694885, 0.8809999823570251, 0.8149999976158142, 0.9380000233650208, 0.5619999766349792, 0.9369999766349792, 0.9549999833106995, 0.9470000267028809]
