 Testing Label Acc: [0.628000020980835, 0.953000009059906, 0.503000020980835, 0.9160000085830688, 0.6140000224113464, 0.9110000133514404, 0.7480000257492065, 0.9279999732971191, 0.9539999961853027, 0.949999988079071]
 Testing Label Acc: [0.6209999918937683, 0.9559999704360962, 0.4830000102519989, 0.9160000085830688, 0.5870000123977661, 0.9340000152587891, 0.7590000033378601, 0.921999990940094, 0.9539999961853027, 0.9419999718666077]
 Testing Label Acc: [0.6679999828338623, 0.9549999833106995, 0.5820000171661377, 0.925000011920929, 0.6240000128746033, 0.9259999990463257, 0.7080000042915344, 0.9269999861717224, 0.9549999833106995, 0.9490000009536743]
 Testing Label Acc: [0.6399999856948853, 0.9559999704360962, 0.5419999957084656, 0.9150000214576721, 0.6010000109672546, 0.9259999990463257, 0.7440000176429749, 0.9300000071525574, 0.9570000171661377, 0.9480000138282776]
 Testing Label Acc: [0.7020000219345093, 0.9539999961853027, 0.5830000042915344, 0.9150000214576721, 0.6669999957084656, 0.9359999895095825, 0.6959999799728394, 0.9210000038146973, 0.953000009059906, 0.9539999961853027]
 Testing Label Acc: [0.6549999713897705, 0.9559999704360962, 0.5550000071525574, 0.9279999732971191, 0.6190000176429749, 0.9330000281333923, 0.7310000061988831, 0.9340000152587891, 0.953000009059906, 0.9409999847412109]
 Testing Label Acc: [0.6169999837875366, 0.953000009059906, 0.574999988079071, 0.9309999942779541, 0.6380000114440918, 0.9279999732971191, 0.7440000176429749, 0.9240000247955322, 0.9539999961853027, 0.9520000219345093]
 Testing Label Acc: [0.6930000185966492, 0.953000009059906, 0.6349999904632568, 0.9240000247955322, 0.6679999828338623, 0.9399999976158142, 0.6869999766349792, 0.9200000166893005, 0.9520000219345093, 0.9539999961853027]
 Testing Label Acc: [0.6439999938011169, 0.9549999833106995, 0.5630000233650208, 0.9290000200271606, 0.628000020980835, 0.9380000233650208, 0.7459999918937683, 0.9240000247955322, 0.949999988079071, 0.953000009059906]
 Testing Label Acc: [0.6650000214576721, 0.953000009059906, 0.5720000267028809, 0.9259999990463257, 0.6100000143051147, 0.9359999895095825, 0.7419999837875366, 0.9369999766349792, 0.9559999704360962, 0.9440000057220459]
 Testing Label Acc: [0.6859999895095825, 0.9549999833106995, 0.6060000061988831, 0.9160000085830688, 0.6610000133514404, 0.9399999976158142, 0.7329999804496765, 0.921999990940094, 0.9539999961853027, 0.9570000171661377]
 Testing Label Acc: [0.6629999876022339, 0.9559999704360962, 0.6140000224113464, 0.9129999876022339, 0.6439999938011169, 0.9319999814033508, 0.75, 0.9390000104904175, 0.9549999833106995, 0.9470000267028809]
 Testing Label Acc: [0.6449999809265137, 0.9539999961853027, 0.5740000009536743, 0.9290000200271606, 0.6299999952316284, 0.9340000152587891, 0.7549999952316284, 0.9340000152587891, 0.9570000171661377, 0.9539999961853027]
 Testing Label Acc: [0.6729999780654907, 0.953000009059906, 0.6129999756813049, 0.9279999732971191, 0.6349999904632568, 0.9340000152587891, 0.7409999966621399, 0.9430000185966492, 0.9549999833106995, 0.9459999799728394]
 Testing Label Acc: [0.6700000166893005, 0.9580000042915344, 0.6489999890327454, 0.9169999957084656, 0.6679999828338623, 0.9319999814033508, 0.7289999723434448, 0.9459999799728394, 0.9599999785423279, 0.9470000267028809]
 Testing Label Acc: [0.6359999775886536, 0.9599999785423279, 0.5910000205039978, 0.9269999861717224, 0.6489999890327454, 0.9319999814033508, 0.7519999742507935, 0.9390000104904175, 0.9599999785423279, 0.9539999961853027]
 Testing Label Acc: [0.6620000004768372, 0.9580000042915344, 0.6140000224113464, 0.925000011920929, 0.6340000033378601, 0.9350000023841858, 0.7570000290870667, 0.9390000104904175, 0.9589999914169312, 0.9549999833106995]
 Testing Label Acc: [0.621999979019165, 0.9559999704360962, 0.5640000104904175, 0.9319999814033508, 0.6029999852180481, 0.9350000023841858, 0.7559999823570251, 0.9390000104904175, 0.9610000252723694, 0.9490000009536743]
 Testing Label Acc: [0.7089999914169312, 0.9599999785423279, 0.6859999895095825, 0.9259999990463257, 0.6940000057220459, 0.9409999847412109, 0.7110000252723694, 0.9380000233650208, 0.9549999833106995, 0.9549999833106995]
 Testing Label Acc: [0.7020000219345093, 0.9570000171661377, 0.6299999952316284, 0.9169999957084656, 0.6819999814033508, 0.9319999814033508, 0.7289999723434448, 0.9440000057220459, 0.9610000252723694, 0.9509999752044678]
 Testing Label Acc: [0.6710000038146973, 0.9580000042915344, 0.6069999933242798, 0.9319999814033508, 0.6510000228881836, 0.9419999718666077, 0.7400000095367432, 0.9300000071525574, 0.9620000123977661, 0.9580000042915344]
 Testing Label Acc: [0.7129999995231628, 0.953000009059906, 0.652999997138977, 0.9309999942779541, 0.6710000038146973, 0.9340000152587891, 0.718999981880188, 0.9419999718666077, 0.9610000252723694, 0.9549999833106995]
 Testing Label Acc: [0.7139999866485596, 0.953000009059906, 0.6539999842643738, 0.9309999942779541, 0.6700000166893005, 0.9350000023841858, 0.7139999866485596, 0.9409999847412109, 0.9649999737739563, 0.9559999704360962]
 Testing Label Acc: [0.6830000281333923, 0.953000009059906, 0.652999997138977, 0.9269999861717224, 0.6800000071525574, 0.9390000104904175, 0.7319999933242798, 0.9419999718666077, 0.9629999995231628, 0.9520000219345093]
 Testing Label Acc: [0.5920000076293945, 0.953000009059906, 0.5080000162124634, 0.9319999814033508, 0.6119999885559082, 0.9369999766349792, 0.7910000085830688, 0.9419999718666077, 0.9660000205039978, 0.9549999833106995]
 Testing Label Acc: [0.6940000057220459, 0.9589999914169312, 0.6639999747276306, 0.925000011920929, 0.675000011920929, 0.9399999976158142, 0.734000027179718, 0.9409999847412109, 0.9639999866485596, 0.9539999961853027]
 Testing Label Acc: [0.7020000219345093, 0.953000009059906, 0.6579999923706055, 0.9279999732971191, 0.6759999990463257, 0.9390000104904175, 0.7279999852180481, 0.9459999799728394, 0.9629999995231628, 0.9520000219345093]
 Testing Label Acc: [0.7289999723434448, 0.9520000219345093, 0.6769999861717224, 0.9350000023841858, 0.671999990940094, 0.9440000057220459, 0.7110000252723694, 0.9409999847412109, 0.9639999866485596, 0.9559999704360962]
 Testing Label Acc: [0.7369999885559082, 0.9539999961853027, 0.6679999828338623, 0.9290000200271606, 0.6909999847412109, 0.9350000023841858, 0.7129999995231628, 0.9480000138282776, 0.9660000205039978, 0.953000009059906]
 Testing Label Acc: [0.6660000085830688, 0.9570000171661377, 0.6010000109672546, 0.9350000023841858, 0.6629999876022339, 0.9419999718666077, 0.7369999885559082, 0.9409999847412109, 0.9639999866485596, 0.9559999704360962]
 Testing Label Acc: [0.6729999780654907, 0.9599999785423279, 0.6299999952316284, 0.9259999990463257, 0.6919999718666077, 0.9390000104904175, 0.734000027179718, 0.9459999799728394, 0.9679999947547913, 0.9520000219345093]
 Testing Label Acc: [0.6679999828338623, 0.9599999785423279, 0.6129999756813049, 0.9319999814033508, 0.6420000195503235, 0.9390000104904175, 0.7459999918937683, 0.9440000057220459, 0.968999981880188, 0.9559999704360962]
 Testing Label Acc: [0.6990000009536743, 0.9589999914169312, 0.6600000262260437, 0.9290000200271606, 0.7120000123977661, 0.9350000023841858, 0.7160000205039978, 0.9509999752044678, 0.9679999947547913, 0.9549999833106995]
 Testing Label Acc: [0.6790000200271606, 0.9610000252723694, 0.6430000066757202, 0.9300000071525574, 0.6439999938011169, 0.9399999976158142, 0.7310000061988831, 0.9430000185966492, 0.9700000286102295, 0.9559999704360962]
 Testing Label Acc: [0.6980000138282776, 0.9589999914169312, 0.6460000276565552, 0.9359999895095825, 0.6679999828338623, 0.9449999928474426, 0.7279999852180481, 0.9399999976158142, 0.9660000205039978, 0.9570000171661377]
 Testing Label Acc: [0.7319999933242798, 0.9589999914169312, 0.6940000057220459, 0.9240000247955322, 0.6980000138282776, 0.9419999718666077, 0.7089999914169312, 0.9430000185966492, 0.968999981880188, 0.9570000171661377]
 Testing Label Acc: [0.6880000233650208, 0.9599999785423279, 0.6449999809265137, 0.9309999942779541, 0.671999990940094, 0.9390000104904175, 0.7289999723434448, 0.9480000138282776, 0.9700000286102295, 0.9539999961853027]
 Testing Label Acc: [0.6850000023841858, 0.9620000123977661, 0.656000018119812, 0.9319999814033508, 0.671999990940094, 0.9440000057220459, 0.7269999980926514, 0.9380000233650208, 0.9700000286102295, 0.9580000042915344]
 Testing Label Acc: [0.652999997138977, 0.9599999785423279, 0.6389999985694885, 0.9330000281333923, 0.6600000262260437, 0.9369999766349792, 0.7519999742507935, 0.9620000123977661, 0.9670000076293945, 0.9440000057220459]
 Testing Label Acc: [0.6600000262260437, 0.9570000171661377, 0.6179999709129333, 0.9380000233650208, 0.6589999794960022, 0.9449999928474426, 0.7540000081062317, 0.9459999799728394, 0.9679999947547913, 0.9559999704360962]
 Testing Label Acc: [0.656000018119812, 0.9599999785423279, 0.6520000100135803, 0.9240000247955322, 0.6949999928474426, 0.9449999928474426, 0.7639999985694885, 0.9480000138282776, 0.9660000205039978, 0.9539999961853027]
 Testing Label Acc: [0.6589999794960022, 0.9610000252723694, 0.6470000147819519, 0.9340000152587891, 0.6819999814033508, 0.9399999976158142, 0.7519999742507935, 0.9539999961853027, 0.968999981880188, 0.953000009059906]
 Testing Label Acc: [0.6830000281333923, 0.9610000252723694, 0.6579999923706055, 0.9300000071525574, 0.6679999828338623, 0.9449999928474426, 0.7450000047683716, 0.949999988079071, 0.9700000286102295, 0.953000009059906]
 Testing Label Acc: [0.7120000123977661, 0.9559999704360962, 0.6690000295639038, 0.9279999732971191, 0.7129999995231628, 0.9409999847412109, 0.7269999980926514, 0.953000009059906, 0.968999981880188, 0.9539999961853027]
 Testing Label Acc: [0.6629999876022339, 0.9599999785423279, 0.6119999885559082, 0.9319999814033508, 0.6480000019073486, 0.9449999928474426, 0.7670000195503235, 0.9440000057220459, 0.9670000076293945, 0.9539999961853027]
 Testing Label Acc: [0.6990000009536743, 0.9589999914169312, 0.6809999942779541, 0.9309999942779541, 0.7089999914169312, 0.9440000057220459, 0.7250000238418579, 0.9459999799728394, 0.968999981880188, 0.9539999961853027]
 Testing Label Acc: [0.6830000281333923, 0.9629999995231628, 0.6470000147819519, 0.9259999990463257, 0.6610000133514404, 0.9449999928474426, 0.7459999918937683, 0.9449999928474426, 0.9710000157356262, 0.9549999833106995]
 Testing Label Acc: [0.6869999766349792, 0.9629999995231628, 0.6499999761581421, 0.9319999814033508, 0.6869999766349792, 0.9490000009536743, 0.7379999756813049, 0.9419999718666077, 0.9710000157356262, 0.9539999961853027]
 Testing Label Acc: [0.7250000238418579, 0.9599999785423279, 0.6880000233650208, 0.9200000166893005, 0.7089999914169312, 0.9480000138282776, 0.7210000157356262, 0.9419999718666077, 0.9679999947547913, 0.9559999704360962]
 Testing Label Acc: [0.6890000104904175, 0.9610000252723694, 0.6790000200271606, 0.9309999942779541, 0.6869999766349792, 0.9430000185966492, 0.7329999804496765, 0.9539999961853027, 0.9700000286102295, 0.9509999752044678]
 Testing Label Acc: [0.6700000166893005, 0.9620000123977661, 0.6669999957084656, 0.9259999990463257, 0.6859999895095825, 0.9449999928474426, 0.753000020980835, 0.949999988079071, 0.9710000157356262, 0.953000009059906]
 Testing Label Acc: [0.7009999752044678, 0.9610000252723694, 0.6919999718666077, 0.9330000281333923, 0.7049999833106995, 0.9419999718666077, 0.7200000286102295, 0.953000009059906, 0.9710000157356262, 0.953000009059906]
 Testing Label Acc: [0.7269999980926514, 0.9610000252723694, 0.6970000267028809, 0.9290000200271606, 0.7020000219345093, 0.9449999928474426, 0.7120000123977661, 0.9509999752044678, 0.9710000157356262, 0.9539999961853027]
 Testing Label Acc: [0.6759999990463257, 0.9610000252723694, 0.6880000233650208, 0.9340000152587891, 0.7049999833106995, 0.9459999799728394, 0.722000002861023, 0.9509999752044678, 0.9700000286102295, 0.953000009059906]
 Testing Label Acc: [0.6510000228881836, 0.9639999866485596, 0.6190000176429749, 0.9359999895095825, 0.6430000066757202, 0.9480000138282776, 0.7620000243186951, 0.9399999976158142, 0.9710000157356262, 0.9570000171661377]
 Testing Label Acc: [0.7120000123977661, 0.9620000123977661, 0.7080000042915344, 0.9290000200271606, 0.7059999704360962, 0.9480000138282776, 0.7269999980926514, 0.9449999928474426, 0.9710000157356262, 0.9549999833106995]
 Testing Label Acc: [0.6639999747276306, 0.9629999995231628, 0.6660000085830688, 0.9350000023841858, 0.6690000295639038, 0.9430000185966492, 0.7490000128746033, 0.9549999833106995, 0.9700000286102295, 0.9520000219345093]
 Testing Label Acc: [0.6970000267028809, 0.9620000123977661, 0.6679999828338623, 0.9319999814033508, 0.7099999785423279, 0.9449999928474426, 0.7289999723434448, 0.9509999752044678, 0.9700000286102295, 0.9559999704360962]
 Testing Label Acc: [0.7020000219345093, 0.9620000123977661, 0.6819999814033508, 0.9300000071525574, 0.7089999914169312, 0.9470000267028809, 0.7279999852180481, 0.949999988079071, 0.9700000286102295, 0.953000009059906]
 Testing Label Acc: [0.7020000219345093, 0.9610000252723694, 0.6940000057220459, 0.9330000281333923, 0.7049999833106995, 0.9480000138282776, 0.7300000190734863, 0.949999988079071, 0.968999981880188, 0.9509999752044678]
 Testing Label Acc: [0.734000027179718, 0.9620000123977661, 0.6940000057220459, 0.9269999861717224, 0.7200000286102295, 0.9459999799728394, 0.7070000171661377, 0.9549999833106995, 0.9700000286102295, 0.9520000219345093]
 Testing Label Acc: [0.675000011920929, 0.9629999995231628, 0.6499999761581421, 0.9319999814033508, 0.6830000281333923, 0.9459999799728394, 0.7450000047683716, 0.9509999752044678, 0.9700000286102295, 0.953000009059906]
 Testing Label Acc: [0.7329999804496765, 0.9620000123977661, 0.7099999785423279, 0.9279999732971191, 0.7419999837875366, 0.9459999799728394, 0.7039999961853027, 0.9520000219345093, 0.9710000157356262, 0.953000009059906]
 Testing Label Acc: [0.6650000214576721, 0.9649999737739563, 0.6209999918937683, 0.9380000233650208, 0.6370000243186951, 0.9470000267028809, 0.7620000243186951, 0.9459999799728394, 0.972000002861023, 0.9539999961853027]
 Testing Label Acc: [0.734000027179718, 0.9629999995231628, 0.6769999861717224, 0.9240000247955322, 0.7110000252723694, 0.9470000267028809, 0.7319999933242798, 0.9490000009536743, 0.972000002861023, 0.9570000171661377]
 Testing Label Acc: [0.6729999780654907, 0.9629999995231628, 0.6380000114440918, 0.9300000071525574, 0.6660000085830688, 0.9459999799728394, 0.7639999985694885, 0.9599999785423279, 0.9700000286102295, 0.9490000009536743]
 Testing Label Acc: [0.7009999752044678, 0.9610000252723694, 0.6840000152587891, 0.9430000185966492, 0.7039999961853027, 0.9459999799728394, 0.7269999980926514, 0.9539999961853027, 0.9700000286102295, 0.9509999752044678]
 Testing Label Acc: [0.6669999957084656, 0.9639999866485596, 0.6420000195503235, 0.9390000104904175, 0.6489999890327454, 0.9490000009536743, 0.7559999823570251, 0.9470000267028809, 0.9710000157356262, 0.953000009059906]
 Testing Label Acc: [0.7590000033378601, 0.9629999995231628, 0.7329999804496765, 0.9240000247955322, 0.7490000128746033, 0.9480000138282776, 0.6919999718666077, 0.9509999752044678, 0.972000002861023, 0.9549999833106995]
 Testing Label Acc: [0.7480000257492065, 0.9629999995231628, 0.7059999704360962, 0.9309999942779541, 0.722000002861023, 0.9470000267028809, 0.699999988079071, 0.9599999785423279, 0.9739999771118164, 0.9520000219345093]
 Testing Label Acc: [0.6690000295639038, 0.9639999866485596, 0.640999972820282, 0.9359999895095825, 0.6890000104904175, 0.9480000138282776, 0.7519999742507935, 0.9580000042915344, 0.972000002861023, 0.9470000267028809]
 Testing Label Acc: [0.640999972820282, 0.9649999737739563, 0.6309999823570251, 0.925000011920929, 0.6759999990463257, 0.9480000138282776, 0.7749999761581421, 0.953000009059906, 0.9739999771118164, 0.9520000219345093]
 Testing Label Acc: [0.7480000257492065, 0.9629999995231628, 0.7300000190734863, 0.9190000295639038, 0.7509999871253967, 0.9520000219345093, 0.6970000267028809, 0.9449999928474426, 0.9729999899864197, 0.9520000219345093]
 Testing Label Acc: [0.7170000076293945, 0.9629999995231628, 0.6819999814033508, 0.9279999732971191, 0.7200000286102295, 0.9490000009536743, 0.7289999723434448, 0.9470000267028809, 0.9739999771118164, 0.9539999961853027]
 Testing Label Acc: [0.6980000138282776, 0.9649999737739563, 0.675000011920929, 0.9340000152587891, 0.7139999866485596, 0.9470000267028809, 0.7390000224113464, 0.9570000171661377, 0.9729999899864197, 0.9520000219345093]
 Testing Label Acc: [0.6729999780654907, 0.9670000076293945, 0.6710000038146973, 0.9399999976158142, 0.6779999732971191, 0.9480000138282776, 0.7480000257492065, 0.9549999833106995, 0.9739999771118164, 0.9520000219345093]
 Testing Label Acc: [0.699999988079071, 0.9639999866485596, 0.6690000295639038, 0.9380000233650208, 0.6980000138282776, 0.9490000009536743, 0.7409999966621399, 0.9480000138282776, 0.9739999771118164, 0.953000009059906]
 Testing Label Acc: [0.6489999890327454, 0.9629999995231628, 0.6449999809265137, 0.9449999928474426, 0.6790000200271606, 0.9490000009536743, 0.7620000243186951, 0.9470000267028809, 0.9700000286102295, 0.9520000219345093]
 Testing Label Acc: [0.6600000262260437, 0.9649999737739563, 0.6539999842643738, 0.9300000071525574, 0.6539999842643738, 0.9520000219345093, 0.7670000195503235, 0.9399999976158142, 0.9700000286102295, 0.9559999704360962]
 Testing Label Acc: [0.6819999814033508, 0.9649999737739563, 0.6859999895095825, 0.9269999861717224, 0.7160000205039978, 0.9480000138282776, 0.7480000257492065, 0.9559999704360962, 0.9729999899864197, 0.9520000219345093]
